time_step Part Qart Part_m Qart_m Pv_m Qv_m Pv Qv Pmyocardial Pmyocardial_scaled
0 0 0.001 0 0 116558.563 116558.563
1 -3.12362019 -0.00468671529 0 0 23917.3837 23917.3837
2 -2165.34509 -5.23426284 0 0 29297.2614 29297.2614
3 -1123.56536 -7.03943949 0 0 37416.301 37416.301
4 2724.46469 -7.27566823 0 0 47868.6055 47868.6055
5 9231.22879 -6.43643393 0 0 59903.4326 59903.4326
6 18171.0147 -4.59584401 0 0 72536.3966 72536.3966
7 28925.346 -2.10486142 0 0 84788.1546 84788.1546
8 40621.4737 0.514302638 0 0 95909.3691 95909.3691
9 52038.1224 2.09125765 0 0 106019.151 106019.151
10 63657.022 4.48491961 0 0 114074.891 114074.891
11 73496.4418 4.83141704 0 0 121015.511 121015.511
12 82086.3806 4.44406367 0 0 127331.911 127331.911
13 89635.2805 3.57221943 0 0 133487.657 133487.657
14 96532.619 2.58522122 0 0 139790.278 139790.278
15 103168.595 1.78736638 0 0 146346.753 146346.753
16 109815.089 1.32961546 0 0 153101.465 153101.465
17 116342.48 0.696932345 0 0 160309.826 160309.826
18 123639.587 1.41679649 0 0 167092.59 167092.59
19 130536.167 1.41335007 0 0 173821.423 173821.423
20 137338.076 1.32870712 0 0 180557.504 180557.504
21 144058.848 1.14754673 0 0 187396.891 187396.891
22 150783.253 0.951672245 0 0 194398.684 194398.684
23 157617.697 0.859058989 0 0 201535.381 201535.381
24 164626.438 0.953141789 0 0 208688.215 208688.215
25 171547.338 0.731363747 0 0 216077.896 216077.896
26 179208.92 1.81328952 0 0 222754.93 222754.93
27 186332.648 2.09067608 0 0 229057.688 229057.688
28 193180.688 2.26767466 0 0 234986.319 234986.319
29 199708.989 2.35336449 0 0 240561.123 240561.123
30 205963.318 2.49760235 0 0 245710.414 245710.414
31 212019.007 2.94432976 0 0 250158 250158
32 217873.282 3.93693804 0 0 253358.422 253358.422
33 223330.82 5.61109644 0 0 254514.027 254514.027
34 228014.926 8.09584836 0 0 252540.831 252540.831
35 230107.98 9.43242339 0 0 246699.985 246699.985
36 230430.449 12.0060509 0 0 236577.029 236577.029
37 227287.249 13.6684458 0 0 222067.535 222067.535
38 220153.348 14.1380678 0 0 203860.144 203860.144
39 208626.882 12.8804344 0 0 182967.268 182967.268
40 193313.747 10.5011163 0 0 160662.557 160662.557
41 174697.467 6.75370824 0 0 138605.297 138605.297
42 154864.806 4.03360577 0 0 116947.008 116947.008
43 132511.206 -1.84203407 0 0 98815.9208 98815.9208
44 112080.849 -4.65511808 0 0 83326.3848 83326.3848
45 93327.0405 -6.41587221 0 0 70374.6213 70374.6213
46 76688.9516 -7.13577481 0 0 59599.9925 59599.9925
47 62232.477 -7.05825882 0 0 50567.3555 50567.3555
48 49768.9198 -6.5385485 0 0 42915.0243 42915.0243
49 39007.8393 -5.91102857 0 0 36428.3501 36428.3501
50 29854.4903 -5.04186297 0 0 30761.9151 30761.9151
51 21473.8688 -5.22388453 0 0 26509.5018 26509.5018
52 14747.1141 -4.78202586 0 0 23387.4993 23387.4993
53 9023.19996 -4.77020655 0 0 21348.51 21348.51
54 4861.49424 -4.10907256 0 0 20199.5978 20199.5978
55 1576.63406 -3.78568074 0 0 19689.6276 19689.6276
56 -337.866468 -2.72217909 0 0 19564.8461 19564.8461
57 -1881.69455 -2.32397153 0 0 19629.4118 19629.4118
58 -2457.42425 -1.27040976 0 0 19747.0349 19747.0349
59 -3219.0009 -1.28103092 0 0 19981.6065 19981.6065
60 -3280.77173 -0.654531528 0 0 20351.5395 20351.5395
61 -3624.30737 -0.967016683 0 0 20904.9271 20904.9271
62 -3265.28218 -0.475487964 0 0 21629.3416 21629.3416
63 -2611.43027 0.0677322767 0 0 22432.1625 22432.1625
64 -1813.21203 0.547186543 0 0 23166.4844 23166.4844
65 -975.180857 0.963379482 0 0 23698.6224 23698.6224
66 -210.691538 1.29157557 0 0 23955.9868 23955.9868
67 314.435491 1.36056942 0 0 24039.6303 24039.6303
68 602.496561 1.21696844 0 0 24090.9539 24090.9539
69 711.797675 0.91085399 0 0 24272.2044 24272.2044
70 796.935438 0.605315639 0 0 24664.3238 24664.3238
71 1022.44393 0.481490082 0 0 25209.5891 25209.5891
72 1473.5181 0.648577462 0 0 25718.5768 25718.5768
73 2048.45301 0.977911146 0 0 26024.7375 26024.7375
74 2630.03476 1.39729622 0 0 25971.1973 25971.1973
75 3095.0236 1.87441726 0 0 25398.4718 25398.4718
76 3118.66311 1.98901105 0 0 24455.5202 24455.5202
77 1986.57127 0.731086792 0 0 23356.7082 23356.7082
78 1201.09209 0.511388742 0 0 22393.3291 22393.3291
79 7.58600909 -0.294086127 0 0 21810.8344 21810.8344
80 -724.614668 -0.444285777 0 0 21723.8505 21723.8505
81 -1112.99146 -0.412709576 0 0 22084.2464 22084.2464
82 -1135.78011 -0.222153457 0 0 22711.4732 22711.4732
83 -836.949349 0.0976552159 0 0 23407.4373 23407.4373
84 -253.170825 0.625018871 0 0 23902.3872 23902.3872
85 314.669999 1.00490911 0 0 24161.7353 24161.7353
86 743.666771 1.18294103 0 0 24237.2923 24237.2923
87 970.555866 1.12466789 0 0 24262.4911 24262.4911
88 1043.73214 0.904298663 0 0 24376.5837 24376.5837
89 1086.44025 0.665249456 0 0 24651.9491 24651.9491
90 1226.97361 0.549259928 0 0 25057.6521 25057.6521
91 1517.52289 0.602054885 0 0 25495.6316 25495.6316
92 1981.25989 0.898033725 0 0 25765.3457 25765.3457
93 2425.56728 1.18958818 0 0 25792.2046 25792.2046
94 2728.91128 1.37882433 0 0 25576.4202 25576.4202
95 2793.44087 1.36538873 0 0 25221.705 25221.705
96 2616.79038 1.14236909 0 0 24890.5756 24890.5756
97 2296.70763 0.800376161 0 0 24732.0069 24732.0069
98 1988.10761 0.484033784 0 0 24816.5261 24816.5261
99 1820.0449 0.294183239 0 0 25131.7939 25131.7939
100 -2995.81835 -9.93181832 0 0 33495.5942 33495.5942
101 3839.61752 -1.45916805 0 0 38163.9664 38163.9664
102 5187.71325 -5.82683992 0 0 46888.3324 46888.3324
103 8858.52828 -8.99511741 0 0 59885.4403 59885.4403
104 15976.0776 -10.3522153 0 0 76617.0261 76617.0261
105 27035.415 -9.65424366 0 0 95883.0008 95883.0008
106 41786.899 -7.12273346 0 0 116107.928 116107.928
107 59308.7347 -3.39886291 0 0 135724.158 135724.158
108 78249.3218 0.629783467 0 0 153531.977 153531.977
109 96683.1079 3.05469249 0 0 169721.766 169721.766
110 115390.918 6.81409039 0 0 182624.201 182624.201
111 131238.543 7.34968081 0 0 193742.021 193742.021
112 145028.777 6.66628909 0 0 203861.115 203861.115
113 157144.852 5.23644562 0 0 213723.806 213723.806
114 168213.969 3.64043045 0 0 223822.366 223822.366
115 178860.645 2.35507656 0 0 234328.053 234328.053
116 189520.017 1.61648998 0 0 245151.844 245151.844
117 199985.361 0.598413846 0 0 256702.777 256702.777
118 211680.69 1.74612476 0 0 267572.966 267572.966
119 222734.136 1.73741521 0 0 278357.541 278357.541
120 233636.258 1.60039202 0 0 289154.462 289154.462
121 244408.776 1.30962393 0 0 300117.561 300117.561
122 255187.263 0.995305708 0 0 311341.508 311341.508
123 266142.031 0.845988113 0 0 322782.291 322782.291
124 277376.124 0.99539036 0 0 334249.714 334249.714
125 288470.049 0.639026359 0 0 346097.303 346097.303
126 300750.798 2.37071838 0 0 356804.224 356804.224
127 312171.842 2.8155993 0 0 366912.363 366912.363
128 323153.307 3.10142497 0 0 376421.87 376421.87
129 333624.254 3.24190322 0 0 385365.175 385365.175
130 343657.554 3.47642969 0 0 393627.361 393627.361
131 353373.697 4.1956859 0 0 400765.876 400765.876
132 362768.486 5.79018655 0 0 405906.708 405906.708
133 371529.699 8.47846842 0 0 407771.66 407771.66
134 379054.594 12.4684437 0 0 404623.584 404623.584
135 382874.065 15.2888593 0 0 395271.767 395271.767
136 383380.613 19.235404 0 0 379053.561 379053.561
137 378464.619 21.9949792 0 0 355806.941 355806.941
138 367099.085 22.8741675 0 0 326325.834 326325.834
139 348592.683 20.8872294 0 0 292605.65 292605.65
140 323711.872 16.5901521 0 0 256935.422 256935.422
141 293865.847 10.6636248 0 0 221660.92 221660.92
142 262098.846 6.35831049 0 0 187024.464 187024.464
143 226316.663 -3.00801774 0 0 158028.794 158028.794
144 193621.199 -7.48646958 0 0 133257.556 133257.556
145 163614.336 -10.288636 0 0 112544.785 112544.785
146 136995.984 -11.4307109 0 0 95313.7399 95313.7399
147 113869.891 -11.3005411 0 0 80868.5297 80868.5297
148 93933.1874 -10.4652286 0 0 68630.7378 68630.7378
149 76720.6545 -9.45886854 0 0 58257.0926 58257.0926
150 62080.274 -8.06698176 0 0 49195.1936 49195.1936
151 48676.3515 -8.35679768 0 0 42394.6322 42394.6322
152 37774.7696 -7.82317693 0 0 37291.5284 37291.5284
153 28866.8027 -7.25161206 0 0 33721.7734 33721.7734
154 22011.6207 -6.28718481 0 0 31377.4003 31377.4003
155 16667.8124 -5.4830167 0 0 29892.7574 29892.7574
156 13036.2623 -4.09512544 0 0 28921.1087 28921.1087
157 10168.8785 -3.27424992 0 0 28196.0858 28196.0858
158 8409.02874 -1.99187609 0 0 27553.5842 27553.5842
159 6612.13342 -1.84381128 0 0 27112.6914 27112.6914
160 5581.10841 -1.20468192 0 0 26913.0317 26913.0317
161 4421.14484 -1.47534286 0 0 27023.3541 27023.3541
162 4060.02977 -0.999718747 0 0 27426.7096 27426.7096
163 4139.70106 -0.429359706 0 0 28005.8277 28005.8277
164 4503.16855 0.120010053 0 0 28582.7993 28582.7993
165 5015.95248 0.62009989 0 0 28999.933 28999.933
166 5532.92421 1.02121063 0 0 29172.8146 29172.8146
167 5852.07548 1.11297949 0 0 29222.4271 29222.4271
168 5976.94113 0.955368733 0 0 29312.787 29312.787
169 5974.07769 0.606997465 0 0 29632.2307 29632.2307
170 6023.54893 0.260240442 0 0 30273.0518 30273.0518
171 6318.82224 0.132838727 0 0 31160.6567 31160.6567
172 6961.33079 0.363680335 0 0 32055.9519 32055.9519
173 7886.68145 0.934559269 0 0 32638.3951 32638.3951
174 8863.10742 1.66041868 0 0 32638.0859 32638.0859
175 9603.60502 2.32854941 0 0 31904.962 31904.962
176 9690.03948 2.42622789 0 0 30697.5369 30697.5369
177 8458.39281 1.04229049 0 0 29318.3969 29318.3969
178 7481.19015 0.670458038 0 0 28109.1492 28109.1492
179 6041.43159 -0.31731294 0 0 27385.163 27385.163
180 5069.27871 -0.647302176 0 0 27298.5682 27298.5682
181 4527.10025 -0.719657779 0 0 27788.3452 27788.3452
182 4478.52117 -0.52566262 0 0 28621.0592 28621.0592
183 4867.70533 -0.120431209 0 0 29536.8661 29536.8661
184 5635.20458 0.569814452 0 0 30185.0386 30185.0386
185 6385.71002 1.07729243 0 0 30515.8423 30515.8423
186 6943.58685 1.30475913 0 0 30607.7134 30607.7134
187 7233.29715 1.21901555 0 0 30639.8559 30639.8559
188 7330.21005 0.937211315 0 0 30784.2623 30784.2623
189 7387.19456 0.632798915 0 0 31132.3391 31132.3391
190 7566.7791 0.484550474 0 0 31645.0254 31645.0254
191 7935.20622 0.550008996 0 0 32198.4847 32198.4847
192 8521.95671 0.922976349 0 0 32539.4508 32539.4508
193 9083.92552 1.29064821 0 0 32573.7155 32573.7155
194 9467.72331 1.52931655 0 0 32301.5364 32301.5364
195 9549.81827 1.51216264 0 0 31853.8882 31853.8882
196 9327.23446 1.23037807 0 0 31436.0189 31436.0189
197 8923.43013 0.79835335 0 0 31236.0815 31236.0815
198 8534.07872 0.39873923 0 0 31343.1591 31343.1591
199 8323.27802 0.161182904 0 0 31739.8946 31739.8946
200 2240.88077 -12.7537514 0 0 42300.924 42300.924
201 10869.9102 -2.05873677 0 0 48197.027 48197.027
202 12569.9514 -7.57743733 0 0 59215.607 59215.607
203 17201.8875 -11.5835965 0 0 75630.5695 75630.5695
204 26183.8285 -13.3064327 0 0 96762.3182 96762.3182
205 40140.6694 -12.437849 0 0 121095.397 121095.397
206 58758.8872 -9.25461804 0 0 146640.248 146640.248
207 80877.1631 -4.56260701 0 0 171417.043 171417.043
208 104790.903 0.519718684 0 0 193910.536 193910.536
209 128069.353 3.58234553 0 0 214361.072 214361.072
210 151698.095 8.33427233 0 0 230660.129 230660.129
211 171718.635 9.01805164 0 0 244705.536 244705.536
212 189143.351 8.16328852 0 0 257489.796 257489.796
213 204454.493 6.36455142 0 0 269950.457 269950.457
214 218442.967 4.35364239 0 0 282709.294 282709.294
215 231896.929 2.73269685 0 0 295982.649 295982.649
216 245365.892 1.8004449 0 0 309658.111 309658.111
217 258589.019 0.514029282 0 0 324252.384 324252.384
218 273365.105 1.96239375 0 0 337987.133 337987.133
219 287330.754 1.95071977 0 0 351614.086 351614.086
220 301105.845 1.77768669 0 0 365256.972 365256.972
221 314717.619 1.41063991 0 0 379110.111 379110.111
222 328337.083 1.01359577 0 0 393293.1 393293.1
223 342179.242 0.824567941 0 0 407750.358 407750.358
224 356374.313 1.01260839 0 0 422241.638 422241.638
225 370392.593 0.561797484 0 0 437213.543 437213.543
226 385910.34 2.7486257 0 0 450744.849 450744.849
227 400343.165 3.31113751 0 0 463520.059 463520.059
228 414221.903 3.6738655 0 0 475539.314 475539.314
229 427456.646 3.85352441 0 0 486843.536 486843.536
230 440139.159 4.15211942 0 0 497287.51 497287.51
231 452421.556 5.0631768 0 0 506312.093 506312.093
232 464298.739 7.08049017 0 0 512813.014 512813.014
233 475376.778 10.480989 0 0 515175.3 515175.3
234 484894.785 15.5281873 0 0 511204.041 511204.041
235 489930.014 19.395973 0 0 499391.79 499391.79
236 490567.499 24.3049597 0 0 478901.986 478901.986
237 484409.214 27.831559 0 0 449532.324 449532.324
238 470066.251 28.9290345 0 0 412285.41 412285.41
239 446695.726 26.4090963 0 0 369682.777 369682.777
240 415268.152 20.9736265 0 0 324616.425 324616.425
241 377565.079 13.4815952 0 0 280050.041 280050.041
242 337433.421 8.03925396 0 0 236289.775 236289.775
243 292227.841 -3.79629678 0 0 199656.17 199656.17
244 250921.348 -9.4557787 0 0 168359.782 168359.782
245 213011.191 -12.9969792 0 0 142190.927 142190.927
246 179381.806 -14.4404999 0 0 120420.942 120420.942
247 150164.376 -14.2764485 0 0 102170.627 102170.627
248 124976.326 -13.2213753 0 0 86709.1996 86709.1996
249 103229.937 -11.9501083 0 0 73602.9662 73602.9662
250 84733.1795 -10.1917002 0 0 62154.0143 62154.0143
251 67798.5379 -10.5579422 0 0 53562.0736 53562.0736
252 54025.3639 -9.88381347 0 0 47114.7285 47114.7285
253 42770.935 -9.16172709 0 0 42604.6415 42604.6415
254 33959.0395 -8.1687608 0 0 39639.8965 39639.8965
255 27469.8437 -6.70477692 0 0 37750.1237 37750.1237
256 22566.2913 -5.46654837 0 0 36486.3395 36486.3395
257 19303.8664 -3.78888638 0 0 35514.2116 35514.2116
258 16635.9096 -2.87224387 0 0 34632.002 34632.002
259 14767.6173 -1.9281365 0 0 33993.6841 33993.6841
260 12938.1986 -1.92507037 0 0 33652.1692 33652.1692
261 11891.2229 -1.4406183 0 0 33694.7615 33694.7615
262 10850.4367 -1.70727513 0 0 34101.7933 34101.7933
263 10751.7863 -1.05260606 0 0 34727.5196 34727.5196
264 11144.4343 -0.230612197 0 0 35354.0024 35354.0024
265 11740.0834 0.501270068 0 0 35788.3483 35788.3483
266 12323.2682 1.04447966 0 0 35929.6654 35929.6654
267 12648.8451 1.16591004 0 0 35929.4667 35929.4667
268 12732.722 0.966432526 0 0 35990.231 35990.231
269 12664.7078 0.531937392 0 0 36342.6882 36342.6882
270 12669.4533 0.102790191 0 0 37098.8825 37098.8825
271 12984.894 -0.0545600972 0 0 38166.4048 38166.4048
272 13734.8381 0.228317635 0 0 39251.8818 39251.8818
273 14839.9803 0.928137005 0 0 39962.4743 39962.4743
274 16016.5297 1.81855525 0 0 39966.965 39966.965
275 16913.1462 2.63997349 0 0 39080.0093 39080.0093
276 16302.3118 1.69539549 0 0 37607.2167 37607.2167
277 15708.9283 1.61085557 0 0 35918.4686 35918.4686
278 14302.9357 0.673916331 0 0 34437.1659 34437.1659
279 12955.6055 0.0653946881 0 0 33551.029 33551.029
280 11252.1242 -1.25650097 0 0 33449.0156 33449.0156
281 10490.551 -1.40773316 0 0 34054.618 34054.618
282 10487.4643 -1.0114805 0 0 35081.5169 35081.5169
283 11038.0695 -0.385252256 0 0 36210.3896 36210.3896
284 12028.8619 0.520350868 0 0 37010.4937 37010.4937
285 12977.0878 1.1588283 0 0 37419.9987 37419.9987
286 13676.829 1.43777365 0 0 37534.2626 37534.2626
287 14040.566 1.32756177 0 0 37573.9549 37573.9549
288 14163.8314 0.976212384 0 0 37751.3195 37751.3195
289 14236.7165 0.599203382 0 0 38178.4545 38178.4545
290 14459.0965 0.415133077 0 0 38807.4632 38807.4632
291 14912.4748 0.493991461 0 0 39486.4833 39486.4833
292 15633.1794 0.950461317 0 0 39904.9217 39904.9217
293 16323.2224 1.40076773 0 0 39947.2386 39947.2386
294 16794.5988 1.69310699 0 0 39613.7419 39613.7419
295 16895.8668 1.67186574 0 0 39065.0479 39065.0479
296 16623.3904 1.32615419 0 0 38552.8662 38552.8662
297 16128.5858 0.796208746 0 0 38307.949 38307.949
298 15651.4516 0.306030686 0 0 38439.5541 38439.5541
299 15391.9422 0.011837474 0 0 38928.5884 38928.5884
300 7932.91814 -15.8283813 0 0 51884.8624 51884.8624
301 18518.3804 -2.70951624 0 0 59117.266 59117.266
302 20601.5652 -9.4830295 0 0 72632.93 72632.93
303 26278.8658 -14.4034469 0 0 92767.9817 92767.9817
304 37288.2336 -16.5274977 0 0 118689.003 118689.003
305 54396.0855 -15.4769176 0 0 148537.296 148537.296
306 77220.0763 -11.5876217 0 0 179872.574 179872.574
307 104338.883 -5.84395209 0 0 210266.391 210266.391
308 133664.069 0.384506198 0 0 237860.057 237860.057
309 162215.059 4.14166075 0 0 262948.297 262948.297
310 191200.034 9.97486297 0 0 282944.534 282944.534
311 215763.379 10.8215424 0 0 300176.613 300176.613
312 237145.247 9.78196554 0 0 315861.916 315861.916
313 255935.316 7.58310207 0 0 331150.478 331150.478
314 273102.443 5.12149909 0 0 346805.034 346805.034
315 289612.788 3.13567866 0 0 363091.001 363091.001
316 306140.357 1.99265546 0 0 379870.517 379870.517
317 322365.494 0.413996069 0 0 397777.478 397777.478
318 340494.927 2.18925492 0 0 414630.335 414630.335
319 357630.536 2.17424047 0 0 431351.264 431351.264
320 374532.971 1.96207722 0 0 448092.044 448092.044
321 391235.41 1.51207824 0 0 465091.061 465091.061
322 407947.362 1.02497427 0 0 482495.046 482495.046
323 424932.456 0.792600928 0 0 500235.829 500235.829
324 442350.509 1.02251985 0 0 518018.682 518018.682
325 459551.92 0.468765231 0 0 536391.524 536391.524
326 478593.072 3.15081834 0 0 552997.314 552997.314
327 496304.392 3.84154213 0 0 568675.788 568675.788
328 513337.21 4.28841293 0 0 583427.069 583427.069
329 529580.88 4.5112424 0 0 597301.32 597301.32
330 545147.666 4.88009788 0 0 610120.342 610120.342
331 560224.101 6.00046968 0 0 621198.081 621198.081
332 574804.181 8.47870185 0 0 629179.63 629179.63
333 588405.205 12.6555192 0 0 632083.424 632083.424
334 600094.345 18.8552139 0 0 627216.268 627216.268
335 606457.304 23.8686775 0 0 612725.905 612725.905
336 607238.674 29.8253899 0 0 587586.481 587586.481
337 599728.291 34.1856099 0 0 551551.913 551551.913
338 582144.754 35.5203666 0 0 505851.958 505851.958
339 553479.89 32.4200514 0 0 453580.826 453580.826
340 514926.359 25.7453063 0 0 398286.843 398286.843
341 468671.037 16.5491371 0 0 343606.294 343606.294
342 419434.564 9.86908412 0 0 289914.808 289914.808
343 363971.713 -4.6542455 0 0 244967.351 244967.351
344 313292.193 -11.5993015 0 0 206568.371 206568.371
345 266779.364 -15.9449563 0 0 174460.598 174460.598
346 225518.521 -17.7166123 0 0 147750 147750
347 189670.714 -17.5156899 0 0 125357.848 125357.848
348 158766.606 -16.2214143 0 0 106387.511 106387.511
349 132085.143 -14.6618014 0 0 90306.8693 90306.8693
350 109390.742 -12.5044395 0 0 76259.6229 76259.6229
351 88612.9336 -12.9538727 0 0 65717.775 65717.775
352 71714.0479 -12.126803 0 0 57807.2305 57807.2305
353 57905.5084 -11.2408756 0 0 52273.597 52273.597
354 47093.8132 -10.0225822 0 0 48636.0148 48636.0148
355 39003.026 -8.40531206 0 0 46278.159 46278.159
356 33269.2161 -6.37832121 0 0 44634.5712 44634.5712
357 28898.421 -4.87154094 0 0 43315.3493 43315.3493
358 25927.8713 -3.11777945 0 0 42082.7121 42082.7121
359 23121.0212 -2.67386556 0 0 41133.1965 41133.1965
360 21190.7964 -1.93563587 0 0 40536.7923 40536.7923
361 19298.4404 -2.14453523 0 0 40403.0497 40403.0497
362 18346.9663 -1.65703276 0 0 40709.1136 40709.1136
363 18029.447 -1.00670059 0 0 41283.582 41283.582
364 18177.812 -0.291181225 0 0 41869.9697 41869.9697
365 18592.4487 0.409686988 0 0 42245.8373 42245.8373
366 19048.6493 0.983539725 0 0 42297.4659 42297.4659
367 19248.6747 1.11014949 0 0 42206.7742 42206.7742
368 19200.8309 0.878281123 0 0 42212.1997 42212.1997
369 19004.5828 0.376175992 0 0 42582.9742 42582.9742
370 18920.0451 -0.11862137 0 0 43448.408 43448.408
371 19223.4917 -0.295868085 0 0 44698.8564 44698.8564
372 20058.2609 0.0412661066 0 0 45989.8156 45989.8156
373 21330.9976 0.867090783 0 0 46859.4517 46859.4517
374 22709.3353 1.91938012 0 0 46915.875 46915.875
375 23780.6423 2.89628994 0 0 45935.5669 45935.5669
376 23256.3464 2.05800003 0 0 44218.1738 44218.1738
377 22590.6901 1.94025544 0 0 42215.5672 42215.5672
378 20962.0962 0.829076597 0 0 40474.5763 40474.5763
379 19341.1425 0.0236894016 0 0 39437.537 39437.537
380 17387.203 -1.46853593 0 0 39330.204 39330.204
381 16460.1192 -1.72309444 0 0 40061.9516 40061.9516
382 16419.557 -1.32789466 0 0 41295.7749 41295.7749
383 17050.3899 -0.624570065 0 0 42655.1414 42655.1414
384 18220.1406 0.435400252 0 0 43631.053 43631.053
385 19354.4309 1.19405706 0 0 44148.0657 44148.0657
386 20216.1325 1.55742586 0 0 44297.0869 44297.0869
387 20673.026 1.44762996 0 0 44341.1566 44341.1566
388 20824.073 1.02093488 0 0 44550.6856 44550.6856
389 20915.6427 0.571468591 0 0 45054.9764 45054.9764
390 21181.7914 0.350995754 0 0 45797.5077 45797.5077
391 21719.3395 0.441784094 0 0 46599.0663 46599.0663
392 22571.5838 0.978914905 0 0 47093.1121 47093.1121
393 23387.152 1.50930337 0 0 47143.2874 47143.2874
394 23944.3618 1.853659 0 0 46749.9487 46749.9487
395 24064.5922 1.82819954 0 0 46102.641 46102.641
396 23743.5942 1.41994766 0 0 45498.4171 45498.4171
397 23160.0903 0.79432994 0 0 45209.6025 45209.6025
398 22597.3582 0.215692325 0 0 45365.145 45365.145
399 22291.4168 -0.13159752 0 0 45942.5176 45942.5176
400 13488.72 -18.8259683 0 0 61233.4849 61233.4849
401 25979.8437 -3.34628388 0 0 69769.376 69769.376
402 28435.4999 -11.3444995 0 0 85720.8153 85720.8153
403 35130.9732 -17.1579639 0 0 109484.624 109484.624
404 48115.8789 -19.6754912 0 0 140077.345 140077.345
405 68294.8108 -18.4499976 0 0 175305.479 175305.479
406 95218.8251 -13.8742352 0 0 212289.083 212289.083
407 127213.454 -7.10606959 0 0 248162.112 248162.112
408 161816.05 0.240036794 0 0 280730.865 280730.865
409 195509.709 4.67512108 0 0 310343.098 310343.098
410 229719.516 11.5638675 0 0 333945.905 333945.905
411 258714.809 12.5707255 0 0 354286.583 354286.583
412 283957.654 11.3522031 0 0 372801.867 372801.867
413 306142.242 8.76409657 0 0 390849.064 390849.064
414 326410.843 5.86353087 0 0 409328.409 409328.409
415 345903.173 3.52207691 0 0 428553.194 428553.194
416 365414.681 2.17345743 0 0 448360.731 448360.731
417 384568.398 0.309587277 0 0 469499.241 469499.241
418 405968.973 2.40344181 0 0 489393.85 489393.85
419 426196.908 2.38509626 0 0 509133.003 509133.003
420 446150.176 2.13482749 0 0 528895.838 528895.838
421 465867.675 1.60397106 0 0 548963.727 548963.727
422 485596.422 1.02899853 0 0 569509.869 569509.869
423 505647.465 0.754241048 0 0 590453.815 590453.815
424 526209.514 1.02487011 0 0 611447.696 611447.696
425 546516.059 0.370589011 0 0 633138.26 633138.26
426 568994.255 3.53558623 0 0 652743.336 652743.336
427 589903.909 4.35153207 0 0 671254.083 671254.083
428 610013.869 4.88083818 0 0 688670.602 688670.602
429 629193.186 5.14619228 0 0 705052.065 705052.065
430 647574.073 5.58399315 0 0 720188.096 720188.096
431 665376.634 6.90897384 0 0 733268.838 733268.838
432 682594.051 9.83738303 0 0 742694.885 742694.885
433 698657.162 14.7723744 0 0 746127.057 746127.057
434 712465.596 22.0977503 0 0 740386.067 740386.067
435 720127.448 28.2335814 0 0 723283.256 723283.256
436 721050.255 35.2123512 0 0 693608.125 693608.125
437 712221.063 40.3847957 0 0 651071.943 651071.943
438 691476.639 41.9507481 0 0 597126.054 597126.054
439 657647.351 38.2840986 0 0 535423.308 535423.308
440 612142.586 30.4003222 0 0 470152.279 470152.279
441 557544.643 19.5416877 0 0 405605.37 405605.37
442 499426.489 11.6541936 0 0 342225.986 342225.986
443 433957.72 -5.49109861 0 0 289168.373 289168.373
444 374134.847 -13.6902557 0 0 243840.82 243840.82
445 319230.137 -18.8206716 0 0 205939.636 205939.636
446 270524.825 -20.9124345 0 0 174409.475 174409.475
447 228209.098 -20.6755518 0 0 147976.964 147976.964
448 191728.987 -19.1479396 0 0 125583.688 125583.688
449 160233.366 -17.307049 0 0 106601.514 106601.514
450 133444.17 -14.7605101 0 0 90019.6332 90019.6332
451 108917.357 -15.2910979 0 0 77575.6524 77575.6524
452 88969.343 -14.3148355 0 0 68237.7578 68237.7578
453 72669.2713 -13.2690819 0 0 61705.6555 61705.6555
454 59906.7738 -11.8309825 0 0 57411.7212 57411.7212
455 50356.1281 -9.92191046 0 0 54628.4225 54628.4225
456 43445.7219 -7.72990103 0 0 52654.771 52654.771
457 38593.2393 -5.40988818 0 0 51021.0073 51021.0073
458 34709.2859 -3.92500268 0 0 49466.7455 49466.7455
459 31710.215 -2.77496258 0 0 48229.8446 48229.8446
460 28946.1574 -2.60315157 0 0 47397.9607 47397.9607
461 27050.7594 -2.11843495 0 0 47101.6948 47101.6948
462 25356.3465 -2.3351951 0 0 47317.1452 47317.1452
463 24767.8819 -1.61332869 0 0 47845.717 47845.717
464 24845.4595 -0.645014987 0 0 48394.2188 48394.2188
465 25244.5186 0.271045602 0 0 48709.5638 48709.5638
466 25673.796 0.973251217 0 0 48665.7649 48665.7649
467 25797.0072 1.12079406 0 0 48475.9324 48475.9324
468 25637.5189 0.844029027 0 0 48415.1351 48415.1351
469 25318.9617 0.2584685 0 0 48791.4703 48791.4703
470 25143.8423 -0.313801529 0 0 49751.6226 49751.6226
471 25429.4509 -0.518672139 0 0 51168.9112 51168.9112
472 26339.5034 -0.132894193 0 0 52648.4113 52648.4113
473 27767.0808 0.813629715 0 0 53660.6812 53660.6812
474 29332.2019 2.02205772 0 0 53754.9212 53754.9212
475 30562.4963 3.14853432 0 0 52671.1035 52671.1035
476 30083.9507 2.35575946 0 0 50747.4243 50747.4243
477 29359.0097 2.22214961 0 0 48473.0948 48473.0948
478 27547.9645 0.985924041 0 0 46487.8395 46487.8395
479 25664.6424 -0.0272424296 0 0 45323.9408 45323.9408
480 23483.3774 -1.6806575 0 0 45230.1361 45230.1361
481 22412.7604 -2.03219339 0 0 46102.6037 46102.6037
482 22354.1269 -1.63422129 0 0 47553.7726 47553.7726
483 23081.8147 -0.850863534 0 0 49149.3772 49149.3772
484 24443.9589 0.36630941 0 0 50301.3574 50301.3574
485 25773.3481 1.24695702 0 0 50920.6589 50920.6589
486 26791.183 1.67454503 0 0 51110.442 51110.442
487 27352.8928 1.58027927 0 0 51153.7179 51153.7179
488 27537.0242 1.08670035 0 0 51380.3655 51380.3655
489 27630.5413 0.538100233 0 0 51962.1443 51962.1443
490 27938.5709 0.282771994 0 0 52818.7042 52818.7042
491 28559.266 0.386722485 0 0 53743.3476 53743.3476
492 29542.7071 1.00569551 0 0 54313.3378 54313.3378
493 30483.7466 1.61709656 0 0 54371.4067 54371.4067
494 31126.772 2.01410253 0 0 53917.9596 53917.9596
495 31265.7899 1.98468593 0 0 53171.5987 53171.5987
496 30895.8821 1.51380128 0 0 52474.9223 52474.9223
497 30223.165 0.79220189 0 0 52142.0148 52142.0148
498 29574.3723 0.124785687 0 0 52321.6012 52321.6012
499 29221.7401 -0.275782948 0 0 52987.7059 52987.7059
500 19069.3494 -21.836987 0 0 70623.7718 70623.7718
501 33474.1072 -3.98668448 0 0 80468.9603 80468.9603
502 36303.1269 -13.216015 0 0 98867.0333 98867.0333
503 44020.2201 -19.9277906 0 0 126275.78 126275.78
504 58987.8383 -22.8424584 0 0 161561.041 161561.041
505 82249.5419 -21.4434646 0 0 202193.028 202193.028
506 113289.954 -16.1799718 0 0 244850.194 244850.194
507 150180.697 -8.383757 0 0 286226.947 286226.947
508 190083.377 0.0847488426 0 0 323793.074 323793.074
509 228942.352 5.20115997 0 0 357949.595 357949.595
510 268400.395 13.150793 0 0 385175.184 385175.184
511 301847.952 14.319547 0 0 408638.457 408638.457
512 330969.771 12.9223171 0 0 429996.474 429996.474
513 356564.807 9.9440468 0 0 450814.738 450814.738
514 379949.385 6.60306475 0 0 472131.601 472131.601
515 402437.495 3.90459628 0 0 494308.446 494308.446
516 424946.576 2.34945094 0 0 517157.653 517157.653
517 447042.144 0.198980496 0 0 541542.28 541542.28
518 471728.544 2.61263068 0 0 564492.368 564492.368
519 495062.756 2.59089203 0 0 587263.375 587263.375
520 518080.685 2.30240694 0 0 610061.922 610061.922
521 540826.911 1.69037876 0 0 633212.555 633212.555
522 563586.095 1.02712573 0 0 656915.066 656915.066
523 586716.902 0.709709132 0 0 681076.668 681076.668
524 610437.083 1.02111714 0 0 705296.116 705296.116
525 633862.74 0.26577616 0 0 730319.431 730319.431
526 659793.429 3.91577415 0 0 752937.402 752937.402
527 683915.954 4.8576383 0 0 774293.289 774293.289
528 707117.193 5.47004131 0 0 794387.168 794387.168
529 729245.732 5.77844014 0 0 813287.257 813287.257
530 750453.785 6.28581803 0 0 830750.854 830750.854
531 770995.185 7.81666533 0 0 845843.742 845843.742
532 790862.35 11.1977248 0 0 856720.914 856720.914
533 809399.388 16.8950247 0 0 860683.957 860683.957
534 825337.782 25.3523371 0 0 854065.296 854065.296
535 834307.506 32.6196375 0 0 834338.316 834338.316
536 835373.232 40.6249744 0 0 800107.058 800107.058
537 825219.485 46.6125812 0 0 751039.989 751039.989
538 801300.193 48.4105401 0 0 688811.044 688811.044
539 762283.399 44.1748559 0 0 617634.225 617634.225
540 709796.223 35.0765037 0 0 542341.236 542341.236
541 646818.177 22.5478512 0 0 467883.551 467883.551
542 579778.413 13.4474345 0 0 394772.657 394772.657
543 504258.716 -6.33165492 0 0 333568.378 333568.378
544 435251.352 -15.7905796 0 0 281281.061 281281.061
545 371916.998 -21.7093035 0 0 237560.386 237560.386
546 315733.714 -24.1226239 0 0 201188.965 201188.965
547 266920.958 -23.8496255 0 0 170697.906 170697.906
548 224839.746 -22.0876304 0 0 144866.282 144866.282
549 188508.298 -19.9641988 0 0 122969.513 122969.513
550 157605.877 -17.026733 0 0 103841.588 103841.588
551 129313.183 -17.638842 0 0 89486.9111 89486.9111
552 106302.315 -16.5127161 0 0 78715.2409 78715.2409
553 87499.4959 -15.3064175 0 0 71180.175 71180.175
554 72777.4143 -13.647523 0 0 66226.9338 66226.9338
555 61760.3386 -11.4453357 0 0 63016.2768 63016.2768
556 53788.8907 -8.91676414 0 0 60739.5834 60739.5834
557 48162.3455 -6.27189685 0 0 58822.0663 58822.0663
558 43734.7731 -4.43534608 0 0 56951.5936 56951.5936
559 40206.1926 -3.16846223 0 0 55424.902 55424.902
560 36995.2909 -2.91489055 0 0 54348.4298 54348.4298
561 34690.2549 -2.43018762 0 0 53875.8119 53875.8119
562 32676.9863 -2.62163754 0 0 53981.9674 53981.9674
563 31843.7742 -1.86753218 0 0 54442.4413 54442.4413
564 31756.9349 -0.828145679 0 0 54927.168 54927.168
565 32044.0244 0.176729705 0 0 55154.3501 55154.3501
566 32376.5487 0.953740457 0 0 54987.3632 54987.3632
567 32374.1637 1.1089955 0 0 54671.7933 54671.7933
568 32065.8838 0.788852047 0 0 54519.8758 54519.8758
569 31593.9213 0.124677014 0 0 54878.3168 54878.3168
570 31300.4037 -0.520738482 0 0 55910.7606 55910.7606
571 31542.0022 -0.750908319 0 0 57473.7714 57473.7714
572 32501.879 -0.317051924 0 0 59123.4597 59123.4597
573 34059.7146 0.746682812 0 0 60265.0899 60265.0899
574 35789.4428 2.10613529 0 0 60391.1049 60391.1049
575 37161.1963 3.37733903 0 0 59206.1376 59206.1376
576 36718.8956 2.62965859 0 0 57085.3271 57085.3271
577 35919.7443 2.45547962 0 0 54574.0369 54574.0369
578 33936.759 1.09717257 0 0 52388.8953 52388.8953
579 31828.217 -0.0894956188 0 0 51128.3823 51128.3823
580 29447.5539 -1.89519541 0 0 51073.6633 51073.6633
581 28261.0104 -2.3371944 0 0 52108.8202 52108.8202
582 28209.4918 -1.93345916 0 0 53796.507 53796.507
583 29057.0944 -1.06836852 0 0 55644.6545 55644.6545
584 30632.7643 0.307836829 0 0 56985.4527 56985.4527
585 32176.0525 1.31265752 0 0 57715.456 57715.456
586 33365.58 1.80633129 0 0 57949.7604 57949.7604
587 34033.4374 1.70703617 0 0 58008.3883 58008.3883
588 34264.6692 1.14923042 0 0 58267.849 58267.849
589 34383.5448 0.521952257 0 0 58927.7831 58927.7831
590 34740.0625 0.22585998 0 0 59899.3362 59899.3362
591 35448.7716 0.339234773 0 0 60948.1058 60948.1058
592 36567.2794 1.03810076 0 0 61594.683 61594.683
593 37636.6861 1.72940738 0 0 61660.7119 61660.7119
594 38367.4822 2.1783129 0 0 61146.6474 61146.6474
595 38526.2746 2.14411398 0 0 60300.3948 60300.3948
596 37399.7291 0.547438689 0 0 59510.4911 59510.4911
597 36688.0107 0.033150219 0 0 59133.6178 59133.6178
598 35778.3257 -0.879364217 0 0 59338.7161 59338.7161
599 35596.367 -0.89420858 0 0 60095.4851 60095.4851
600 24332.8122 -24.9817635 0 0 80098.2063 80098.2063
601 40841.3762 -4.56640377 0 0 91264.7308 91264.7308
602 44134.986 -15.0085234 0 0 112131.506 112131.506
603 52922.7855 -22.6503871 0 0 143217.965 143217.965
604 69910.4658 -25.9943734 0 0 183237.956 183237.956
605 96294.2984 -24.4403546 0 0 229322.408 229322.408
606 131496.038 -18.4950437 0 0 277704.204 277704.204
607 173332.463 -9.66871716 0 0 324634.246 324634.246
608 218586.805 -0.0720091351 0 0 367242.779 367242.779
609 262660.425 5.72939555 0 0 405984.563 405984.563
610 307416.074 14.7480915 0 0 436865.627 436865.627
611 345357.794 16.0797539 0 0 463479.692 463479.692
612 378395.057 14.5022037 0 0 487706.122 487706.122
613 407432.494 11.1303468 0 0 511320.487 511320.487
614 433962.047 7.34500348 0 0 535500.503 535500.503
615 459473.569 4.28620657 0 0 560656.078 560656.078
616 485007.641 2.5224836 0 0 586574.438 586574.438
617 510071.821 0.0826162955 0 0 614234.512 614234.512
618 538073.761 2.81867275 0 0 640267.7 640267.7
619 564542.388 2.79342596 0 0 666097.979 666097.979
620 590652.772 2.46640006 0 0 691959.696 691959.696
621 616455.185 1.77248418 0 0 718220.964 718220.964
622 642272.237 1.0201205 0 0 745108.402 745108.402
623 668510.64 0.659575704 0 0 772516.782 772516.782
624 695417.47 1.01202746 0 0 799990.997 799990.997
625 721990.411 0.154643673 0 0 828377.241 828377.241
626 751404.757 4.29392072 0 0 854035.408 854035.408
627 778769.296 5.36295749 0 0 878262.231 878262.231
628 805089.975 6.05945469 0 0 901057.754 901057.754
629 830194.675 6.41156057 0 0 922499.322 922499.322
630 854255.761 6.98940962 0 0 942311.615 942311.615
631 877561.106 8.72826334 0 0 959434.93 959434.93
632 900102.408 12.5664392 0 0 971776.44 971776.44
633 921136.362 19.0335515 0 0 976275.249 976275.249
634 939224.925 28.6340549 0 0 968771.075 968771.075
635 949517.088 37.0466179 0 0 946396.265 946396.265
636 950727.702 46.0876183 0 0 907567.733 907567.733
637 939237.66 52.8972204 0 0 851910.798 851910.798
638 912115.05 54.9290781 0 0 781323.998 781323.998
639 867864.056 50.1190864 0 0 700587.55 700587.55
640 808331.514 39.7951 0 0 615182.097 615182.097
641 736897.758 25.5812876 0 0 530724.136 530724.136
642 660855.862 15.2569538 0 0 447793.851 447793.851
643 575194.503 -7.17974491 0 0 378369.337 378369.337
644 496919.728 -17.9098322 0 0 319059.406 319059.406
645 425079.62 -24.6239955 0 0 269466.687 269466.687
646 361350.844 -27.3617856 0 0 228210.287 228210.287
647 305982.393 -27.052351 0 0 193624.03 193624.03
648 258249.504 -25.0538604 0 0 164323.008 164323.008
649 217038.563 -22.6453387 0 0 139485.324 139485.324
650 181985.772 -19.3134176 0 0 117788.362 117788.362
651 149893.191 -20.0077851 0 0 101505.735 101505.735
652 123791.812 -18.7304431 0 0 89287.3412 89287.3412
653 102463.644 -17.3621502 0 0 80740.2543 80740.2543
654 85764.2826 -15.480467 0 0 75121.7523 75121.7523
655 73267.5345 -12.9825177 0 0 71479.8779 71479.8779
656 64225.4633 -10.1143449 0 0 68897.406 68897.406
657 57694.1378 -7.33729147 0 0 66720.5466 66720.5466
658 52979.0635 -4.73140313 0 0 64562.8754 64562.8754
659 48658.1132 -3.80725133 0 0 62747.4817 62747.4817
660 45330.4708 -2.92412705 0 0 61419.2031 61419.2031
661 42268.0614 -3.03487591 0 0 60757.505 60757.505
662 40319.8135 -2.54539592 0 0 60735.4856 60735.4856
663 38819.1905 -2.46581264 0 0 61104.6912 61104.6912
664 38515.6081 -1.3262304 0 0 61498.1409 61498.1409
665 38749.7388 -0.0579424076 0 0 61606.8754 61606.8754
666 39038.606 0.912466632 0 0 61285.152 61285.152
667 38930.2928 1.12020809 0 0 60812.8159 60812.8159
668 38467.8599 0.761418297 0 0 60540.2269 60540.2269
669 37824.5446 0.0106790276 0 0 60852.6997 60852.6997
670 37389.6726 -0.716358488 0 0 61930.4953 61930.4953
671 37562.3088 -0.978438155 0 0 63613.7008 63613.7008
672 38545.9102 -0.502652736 0 0 65410.9752 65410.9752
673 40207.5895 0.671209765 0 0 66664.8003 66664.8003
674 42077.1308 2.17397697 0 0 66813.3106 66813.3106
675 43569.847 3.58302663 0 0 65527.2556 65527.2556
676 43151.5725 2.87868417 0 0 63217.1752 63217.1752
677 42273.9041 2.66556079 0 0 60481.8955 60481.8955
678 40122.2974 1.19048214 0 0 58111.5368 58111.5368
679 37797.4479 -0.16227751 0 0 56768.1352 56768.1352
680 35228.176 -2.11449444 0 0 56764.2287 56764.2287
681 33936.9246 -2.64301643 0 0 57972.3504 57972.3504
682 33902.5008 -2.23288791 0 0 59906.7803 59906.7803
683 34879.3065 -1.28723571 0 0 62018.7319 62018.7319
684 36677.8482 0.246027062 0 0 63561.5114 63561.5114
685 38446.1254 1.37475561 0 0 64416.488 64416.488
686 39820.214 1.93587719 0 0 64709.5541 64709.5541
687 40608.278 1.83400163 0 0 64796.5951 64796.5951
688 40903.9972 1.22129761 0 0 65094.7579 65094.7579
689 41061.4522 0.520786639 0 0 65832.1641 65832.1641
690 41471.2754 0.179509426 0 0 66917.6985 66917.6985
691 42270.7059 0.298943222 0 0 68089.5022 68089.5022
692 43525.3997 1.07475566 0 0 68811.9925 68811.9925
693 44723.5809 1.84375177 0 0 68885.9113 68885.9113
694 45542.408 2.34309639 0 0 68311.7622 68311.7622
695 45721.4987 2.30349568 0 0 67366.4963 67366.4963
696 44547.9152 0.644522333 0 0 66484.1043 66484.1043
697 43747.9463 0.0337797998 0 0 66063.0829 66063.0829
698 42754.5282 -0.965366092 0 0 66292.2302 66292.2302
699 42525.1931 -1.03598623 0 0 67137.7088 67137.7088
700 29911.8975 -27.9906488 0 0 89484.539 89484.539
701 48332.5215 -5.20692366 0 0 101959.809 101959.809
702 51997.5707 -16.8820982 0 0 125272.191 125272.191
703 61804.2827 -25.4246418 0 0 160002.065 160002.065
704 80771.0367 -29.1687236 0 0 204712.652 204712.652
705 110233.254 -27.444445 0 0 256198.744 256198.744
706 149546.852 -20.8141531 0 0 310251.816 310251.816
707 196275.247 -10.9615395 0 0 362683.41 362683.41
708 246826.237 -0.243138815 0 0 410287.395 410287.395
709 296062.635 6.23992042 0 0 453571.765 453571.765
710 346064.515 16.3200221 0 0 488074.305 488074.305
711 388457.499 17.8150338 0 0 517809.87 517809.87
712 425373.303 16.0604017 0 0 544878.056 544878.056
713 457820.955 12.299744 0 0 571262.54 571262.54
714 487466.187 8.07489545 0 0 598279.102 598279.102
715 515972.975 4.65951367 0 0 626385.727 626385.727
716 544503.856 2.68931259 0 0 655344.721 655344.721
717 572508.979 -0.0372201803 0 0 686249.809 686249.809
718 603795.517 3.01815838 0 0 715337.464 715337.464
719 633369.391 2.98946909 0 0 744198.609 744198.609
720 662543.515 2.62434677 0 0 773095.06 773095.06
721 691373.746 1.84936167 0 0 802438.09 802438.09
722 720220.264 1.00871535 0 0 832480.897 832480.897
723 749537.373 0.605391504 0 0 863105.928 863105.928
724 779601.21 0.998432485 0 0 893804.718 893804.718
725 809292.178 0.0399065616 0 0 925522.698 925522.698
726 842157.781 4.66383581 0 0 954192.881 954192.881
727 872734.306 5.85897078 0 0 981264.04 981264.04
728 902145.634 6.63899216 0 0 1006736.18 1006736.18
729 930199.084 7.03462764 0 0 1030695.7 1030695.7
730 957086.964 7.68251341 0 0 1052834.95 1052834.95
731 983130.873 9.62767412 0 0 1071969.91 1071969.91
732 1008321.84 13.9190363 0 0 1085762.24 1085762.24
733 1031830.05 21.1493332 0 0 1090791.92 1090791.92
734 1052049.63 31.8832886 0 0 1082410.54 1082410.54
735 1063654.33 41.4335843 0 0 1057412.55 1057412.55
736 1065009.01 51.5003767 0 0 1014029.48 1014029.48
737 1052195.34 59.1239767 0 0 951843.933 951843.933
738 1021899.39 61.3873824 0 0 872976.969 872976.969
739 972462.983 56.008304 0 0 782769.758 782769.758
740 905950.657 44.4699971 0 0 687345.844 687345.844
741 826139.854 28.5866362 0 0 592980.568 592980.568
742 741179.548 17.0497266 0 0 500322.172 500322.172
743 645470.829 -8.01990114 0 0 422753.836 422753.836
744 558014.81 -20.0093509 0 0 356486.572 356486.572
745 477748.028 -27.5115703 0 0 301076.394 301076.394
746 406543.909 -30.5708213 0 0 254980.425 254980.425
747 344680.71 -30.2252943 0 0 216337.037 216337.037
748 291348.684 -27.9925099 0 0 183598.867 183598.867
749 245303.61 -25.3015507 0 0 155847.607 155847.607
750 206139.033 -21.5788423 0 0 131605.489 131605.489
751 170281.889 -22.3547048 0 0 113412.834 113412.834
752 141118.727 -20.9275531 0 0 99761.1653 99761.1653
753 117288.687 -19.3987722 0 0 90211.465 90211.465
754 98630.4268 -17.2963717 0 0 83933.8864 83933.8864
755 84667.7613 -14.50541 0 0 79864.803 79864.803
756 74565.0193 -11.3007929 0 0 76979.395 76979.395
757 67267.5431 -8.19798203 0 0 74547.1798 74547.1798
758 61962.0899 -5.34236457 0 0 72136.4403 72136.4403
759 57176.9601 -4.22747099 0 0 70091.1651 70091.1651
760 53441.6985 -3.2529742 0 0 68559.3017 68559.3017
761 50034.6874 -3.31441032 0 0 67745.7907 67745.7907
762 47793.7924 -2.81077663 0 0 67623.894 67623.894
763 46089.184 -2.6715735 0 0 67919.9198 67919.9198
764 45639.4248 -1.45766149 0 0 68229.9507 68229.9507
765 45764.8622 -0.102215263 0 0 68217.1909 68217.1909
766 45946.4886 0.939077312 0 0 67727.8281 67727.8281
767 45688.7167 1.14754765 0 0 67078.1089 67078.1089
768 45042.6336 0.736854555 0 0 66658.7544 66658.7544
769 44203.149 -0.100444547 0 0 66895.4337 66895.4337
770 43601.8979 -0.906448211 0 0 67985.7324 67985.7324
771 43678.4166 -1.19824298 0 0 69753.38 69753.38
772 44655.4367 -0.680039868 0 0 71660.1588 71660.1588
773 46386.8673 0.601574028 0 0 72987.6346 72987.6346
774 48358.7015 2.24190785 0 0 73122.7209 73122.7209
775 49933.2314 3.78042083 0 0 71705.7575 71705.7575
776 49503.1019 3.11349878 0 0 69184.3379 69184.3379
777 48514.2513 2.85521221 0 0 66210.4679 66210.4679
778 46169.8723 1.26419052 0 0 63645.5117 63645.5117
779 43610.2594 -0.25198941 0 0 62212.1869 62212.1869
780 40839.5887 -2.34513129 0 0 62252.412 62252.412
781 39432.4087 -2.95714975 0 0 63627.0462 63627.0462
782 39404.4181 -2.54058952 0 0 65803.5811 65803.5811
783 40500.5796 -1.5167552 0 0 68178.4847 68178.4847
784 42513.6863 0.16899857 0 0 69928.5554 69928.5554
785 44503.3559 1.41904592 0 0 70919.6903 70919.6903
786 46064.1738 2.04774547 0 0 71287.2194 71287.2194
787 46980.3635 1.94606357 0 0 71420.8884 71420.8884
788 47379.4997 1.33853671 0 0 71733.0282 71733.0282
789 47574.3177 0.564638387 0 0 72511.7405 72511.7405
790 47998.0221 0.121696319 0 0 73707.5182 73707.5182
791 48880.2823 0.251006551 0 0 74998.3496 74998.3496
792 50263.4152 1.10403717 0 0 75794.2812 75794.2812
793 51583.9878 1.95014991 0 0 75875.8332 75875.8332
794 52486.5406 2.49966344 0 0 75243.5565 75243.5565
795 52684.3218 2.45578274 0 0 74202.5016 74202.5016
796 51464.659 0.737260394 0 0 73230.6332 73230.6332
797 50578.8828 0.0335951164 0 0 72766.9012 72766.9012
798 49504.1644 -1.04910501 0 0 73019.3144 73019.3144
799 49228.7916 -1.1735204 0 0 73950.6139 73950.6139
800 35309.571 -30.9018129 0 0 98565.2212 98565.2212
801 55579.4584 -5.82742906 0 0 112306.62 112306.62
802 59603.2291 -18.6961527 0 0 137984.974 137984.974
803 70394.9226 -28.1108214 0 0 176239.628 176239.628
804 91275.2737 -32.243089 0 0 225488.081 225488.081
805 123714.457 -30.3553053 0 0 282199.945 282199.945
806 167004.968 -23.0632489 0 0 341739.658 341739.658
807 218465.276 -12.2182284 0 0 399493.713 399493.713
808 274140.01 -0.414719468 0 0 451930.552 451930.552
809 328370.948 6.72803739 0 0 499609.666 499609.666
810 383448.304 17.8353379 0 0 537615.838 537615.838
811 430147.932 19.488941 0 0 570371.343 570371.343
812 470816.424 17.5635587 0 0 600188.831 600188.831
813 506563.68 13.4271915 0 0 629253.315 629253.315
814 539223.503 8.77740578 0 0 659014.142 659014.142
815 570628.292 5.01714467 0 0 689975.811 689975.811
816 602058.576 2.84716914 0 0 721876.52 721876.52
817 632908.996 -0.156764292 0 0 755921.057 755921.057
818 667373.233 3.20741192 0 0 787963.82 787963.82
819 699951.347 3.17538051 0 0 819757.248 819757.248
820 732089.59 2.77344479 0 0 851589.728 851589.728
821 763849.182 1.92005453 0 0 883914.29 883914.29
822 795626.633 0.993983014 0 0 917009.846 917009.846
823 827922.286 0.54922018 0 0 950746.918 950746.918
824 861040.41 0.981464834 0 0 984565.422 984565.422
825 893747.962 -0.0749540335 0 0 1019506.8 1019506.8
826 929952.523 5.01779261 0 0 1051091.07 1051091.07
827 963636.625 6.33501306 0 0 1080914.09 1080914.09
828 996038.22 7.19601381 0 0 1108975.85 1108975.85
829 1026944.69 7.63394663 0 0 1135371.47 1135371.47
830 1056567.62 8.34976744 0 0 1159762.05 1159762.05
831 1085261.25 10.4947121 0 0 1180843.29 1180843.29
832 1113015.99 15.2247771 0 0 1196039.31 1196039.31
833 1138918.41 23.1938641 0 0 1201582.67 1201582.67
834 1161200.37 35.025134 0 0 1192352.68 1192352.68
835 1174076.93 45.6787733 0 0 1164816.87 1164816.87
836 1175571.37 56.7376891 0 0 1117027.44 1117027.44
837 1161477.39 65.1486002 0 0 1048525.7 1048525.7
838 1128111.51 67.6358714 0 0 961647.975 961647.975
839 1073658.51 61.7061211 0 0 862278.135 862278.135
840 1000393.57 48.9929344 0 0 757161.715 757161.715
841 912478.317 31.4942988 0 0 653211.462 653211.462
842 818889.8 18.7842342 0 0 551141.462 551141.462
843 713460.639 -8.83267982 0 0 465694.268 465694.268
844 617122.107 -22.0405322 0 0 392696.03 392696.03
845 528702.826 -30.3051774 0 0 331657.667 331657.667
846 450266.586 -33.6754368 0 0 280879.586 280879.586
847 382119.952 -33.2949959 0 0 238311.068 238311.068
848 323370.962 -30.8355433 0 0 202247.58 202247.58
849 272649.039 -27.8713377 0 0 171677.536 171677.536
850 229506.455 -23.770558 0 0 144973.071 144973.071
851 190007.231 -24.6252647 0 0 124932.531 124932.531
852 157881.904 -23.053178 0 0 109894.22 109894.22
853 131631.391 -21.3691312 0 0 99374.5262 99374.5262
854 111077.965 -19.0531947 0 0 92459.3143 92459.3143
855 95697.0769 -15.978754 0 0 87976.9213 87976.9213
856 84568.1736 -12.4486391 0 0 84798.4334 84798.4334
857 76529.4737 -9.03066951 0 0 82119.1704 82119.1704
858 70652.6063 -5.93381367 0 0 79463.5966 79463.5966
859 65423.4781 -4.62376448 0 0 77188.0085 77188.0085
860 61292.1787 -3.55887996 0 0 75446.9004 75446.9004
861 57540.4779 -3.58433045 0 0 74480.3953 74480.3953
862 55006.9551 -3.07459145 0 0 74261.3281 74261.3281
863 53098.8745 -2.88194919 0 0 74491.1999 74491.1999
864 52505.3454 -1.59849955 0 0 74729.9847 74729.9847
865 52527.5444 -0.159488079 0 0 74613.2659 74613.2659
866 52611.8537 0.951321766 0 0 73978.3374 73978.3374
867 51547.1757 0.153384496 0 0 73174.8888 73174.8888
868 50795.5588 0.000326161858 0 0 72633.0465 72633.0465
869 49585.3375 -1.11581148 0 0 72817.485 72817.485
870 49054.3858 -1.55973422 0 0 73941.908 73941.908
871 49299.4985 -1.52172221 0 0 75814.1922 75814.1922
872 50453.4775 -0.798401374 0 0 77849.0844 77849.0844
873 52361.9713 0.625693312 0 0 79267.2396 79267.2396
874 54498.7921 2.38949665 0 0 79403.7356 79403.7356
875 56196.0689 4.03602717 0 0 77867.6504 77867.6504
876 55780.2849 3.38501112 0 0 75142.9433 75142.9433
877 54703.265 3.07328347 0 0 71934.7683 71934.7683
878 52183.9639 1.36227111 0 0 69176.1358 69176.1358
879 49401.6693 -0.320857526 0 0 67650.9485 67650.9485
880 46436.1625 -2.5589889 0 0 67730.8216 67730.8216
881 44916.1398 -3.25692134 0 0 69265.0207 69265.0207
882 44894.3986 -2.83555208 0 0 71674.3279 71674.3279
883 46106.5088 -1.73510182 0 0 74300.7758 74300.7758
884 48327.5798 0.100919518 0 0 76245.491 76245.491
885 50529.5123 1.46967805 0 0 77359.7262 77359.7262
886 52266.2175 2.16333704 0 0 77788.918 77788.918
887 53298.8989 2.05978633 0 0 77956.9208 77956.9208
888 53764.2147 1.40250329 0 0 78313.1321 78313.1321
889 54003.394 0.564861427 0 0 79169.4275 79169.4275
890 54483.6409 0.0816641265 0 0 80475.1162 80475.1162
891 55455.0693 0.215319512 0 0 81884.5856 81884.5856
892 56970.634 1.141499 0 0 82753.7178 82753.7178
893 58416.1176 2.06180997 0 0 82842.8778 82842.8778
894 59404.0582 2.65949442 0 0 82152.6634 82152.6634
895 59621.7607 2.61010831 0 0 81016.133 81016.133
896 58356.9667 0.831299485 0 0 79955.0808 79955.0808
897 57386.2498 0.0344903916 0 0 79448.778 79448.778
898 56230.8933 -1.13184177 0 0 79724.381 79724.381
899 55909.9093 -1.31009974 0 0 80741.2206 80741.2206
900 40689.2211 -33.8031018 0 0 107616.182 107616.182
901 62802.0189 -6.4462993 0 0 122619.567 122619.567
902 67182.9012 -20.5053807 0 0 150656.151 150656.151
903 78955.7728 -30.7900836 0 0 192424.054 192424.054
904 101742.619 -35.3102854 0 0 246195.534 246195.534
905 137148.058 -33.2605889 0 0 308116.086 308116.086
906 184401.609 -25.3097097 0 0 373124.52 373124.52
907 240577.73 -13.4759175 0 0 436183.665 436183.665
908 301359.098 -0.590901341 0 0 493437.601 493437.601
909 360568.139 7.20959389 0 0 545497.146 545497.146
910 420704.435 19.3410271 0 0 586995.555 586995.555
911 471696.897 21.1531758 0 0 622761.189 622761.189
912 516106.172 19.0580773 0 0 655319.055 655319.055
913 555142.607 14.5475896 0 0 687054.839 687054.839
914 590807.466 9.47446929 0 0 719551.025 719551.025
915 625100.999 5.37053282 0 0 753358.471 753358.471
916 659421.349 3.00141701 0 0 788191.351 788191.351
917 693107.858 -0.27906939 0 0 825365.151 825365.151
918 730739.445 3.39278585 0 0 860353.443 860353.443
919 766312.062 3.35741638 0 0 895069.654 895069.654
920 801404.847 2.91882543 0 0 929828.656 929828.656
921 836084.333 1.98730643 0 0 965125.097 965125.097
922 870783.225 0.976073207 0 0 1001263.52 1001263.52
923 906047.754 0.489961153 0 0 1038102.57 1038102.57
924 942210.238 0.961226955 0 0 1075030.7 1075030.7
925 977924.583 -0.1928013 0 0 1113185.05 1113185.05
926 1017457.25 5.36718346 0 0 1147674 1147674
927 1054238.92 6.80617261 0 0 1180240.01 1180240.01
928 1089621.22 7.74803816 0 0 1210883.04 1210883.04
929 1123371.63 8.2282868 0 0 1239706.92 1239706.92
930 1155720.92 9.0119715 0 0 1266341.58 1266341.58
931 1187055.88 11.356212 0 0 1289362.85 1289362.85
932 1217366.35 16.5237791 0 0 1305958.08 1305958.08
933 1245655.6 25.2296337 0 0 1312013.51 1312013.51
934 1269993.84 38.1552985 0 0 1301937.72 1301937.72
935 1284139.89 49.9110101 0 0 1271872.37 1271872.37
936 1285773.91 61.9584822 0 0 1219690.9 1219690.9
937 1270404.06 71.1540639 0 0 1144893.47 1144893.47
938 1233978.36 73.864342 0 0 1050031 1050031
939 1174525.17 67.3856184 0 0 941528.287 941528.287
940 1094529.61 53.5013071 0 0 826750.84 826750.84
941 998536.278 34.392602 0 0 713246.74 713246.74
942 896347.604 20.5131653 0 0 601795.704 601795.704
943 781229.591 -9.6427806 0 0 508495.239 508495.239
944 676037.408 -24.0650909 0 0 428787.888 428787.888
945 579492.116 -33.0896941 0 0 362139.619 362139.619
946 493847.248 -36.7699575 0 0 306694.632 306694.632
947 419437.59 -36.3547198 0 0 260213.732 260213.732
948 355289.233 -33.669338 0 0 220835.725 220835.725
949 299905.652 -30.4327751 0 0 187456.054 187456.054
950 252797.983 -25.955153 0 0 158297.238 158297.238
951 209668.507 -26.8884488 0 0 136414.814 136414.814
952 174590.636 -25.1718983 0 0 119994.364 119994.364
953 145927.512 -23.3330901 0 0 108507.828 108507.828
954 123485.077 -20.8043115 0 0 100957.053 100957.053
955 106690.571 -17.4473125 0 0 96062.6933 96062.6933
956 94538.8396 -13.5927572 0 0 92592.0773 92592.0773
957 85761.3235 -9.86065247 0 0 89666.569 89666.569
958 79214.9103 -6.67246902 0 0 86764.5316 86764.5316
959 73762.9052 -4.81292731 0 0 84279.5017 84279.5017
960 68967.4268 -4.12721232 0 0 82350.6431 82350.6431
961 65205.7014 -3.56365566 0 0 81229.9192 81229.9192
962 62042.9401 -3.63221187 0 0 80909.9205 80909.9205
963 60319.2072 -2.73523246 0 0 81065.5881 81065.5881
964 59621.2081 -1.40736823 0 0 81222.1258 81222.1258
965 59463.6031 -0.0527631599 0 0 80988.1924 80988.1924
966 58703.2912 0.00793078404 0 0 80192.8483 80192.8483
967 58177.0051 0.46942812 0 0 79222.1611 79222.1611
968 56974.7484 -0.239895902 0 0 78543.2132 78543.2132
969 55978.7714 -0.799139467 0 0 78659.2305 78659.2305
970 54802.8131 -2.16028201 0 0 79802.6514 79802.6514
971 54911.446 -2.12429175 0 0 81764.0239 81764.0239
972 56160.4318 -1.1470317 0 0 83912.4146 83912.4146
973 58234.6509 0.525996219 0 0 85409.1502 85409.1502
974 60531.6348 2.47910134 0 0 85539.1654 85539.1654
975 62341.5774 4.26033709 0 0 83881.5146 83881.5146
976 61929.5762 3.6343029 0 0 80955.8275 80955.8275
977 60757.3796 3.27341398 0 0 77518.8801 77518.8801
978 58060.3587 1.4460166 0 0 74573.1475 74573.1475
979 55057.0383 -0.398598524 0 0 72961.8646 72961.8646
980 51900.4963 -2.77645823 0 0 73085.4762 73085.4762
981 50271.4016 -3.55711456 0 0 74781.952 74781.952
982 50258.5913 -3.13035207 0 0 77426.447 77426.447
983 51588.5451 -1.95432687 0 0 80307.5959 80307.5959
984 54019.1704 0.0297891703 0 0 82451.9773 82451.9773
985 56436.265 1.51620117 0 0 83695.9189 83695.9189
986 58353.4398 2.27508268 0 0 84194.257 84194.257
987 59508.757 2.17109882 0 0 84404.0181 84404.0181
988 60047.3043 1.46602426 0 0 84810.9065 84810.9065
989 60339.7724 0.570207439 0 0 85747.2432 85747.2432
990 60883.113 0.0499705383 0 0 87161.5267 87161.5267
991 61945.4163 0.185378526 0 0 88688.2106 88688.2106
992 63593.6657 1.18208401 0 0 89629.6651 89629.6651
993 65163.7865 2.17451761 0 0 89726.3416 89726.3416
994 66236.9129 2.81900477 0 0 88978.8844 88978.8844
995 66474.8534 2.76365752 0 0 87748.0237 87748.0237
996 65165.8184 0.924899021 0 0 86598.8577 86598.8577
997 64111.4324 0.0358397909 0 0 86050.4948 86050.4948
998 62876.5742 -1.21327364 0 0 86349.0094 86349.0094
999 62510.6441 -1.44482445 0 0 87450.3628 87450.3628
1000 46004.1798 -36.6694369 0 0 116558.563 116558.563
