time_step Pventricular Vventricular Paorta Qaorta Patrial Vatrial Qatrial
0 0.01 100 0 0.001 20000 100 0
1 23917.3837 99.6885507 -41.3119416 24.0344573 20204.9204 101.024602 -38.2544094
2 29297.2614 99.3429414 46550.3534 6.83297722 20409.8408 102.049204 0
3 37416.301 99.2630489 35109.1337 9.14552777 20576.5068 102.882534 0
4 47868.6055 99.1592383 45411.7369 11.6165908 20743.1728 103.715864 0
5 59903.4326 99.0344836 58210.041 13.3343517 20909.8388 104.549194 0
6 72536.3966 98.8975995 71861.8625 14.0424732 21076.5048 105.382524 0
7 84788.1546 98.7587213 85136.9295 13.733162 21243.1708 106.215854 0
8 95909.3691 98.6269005 97052.3854 12.6310062 21409.8368 107.049184 0
9 106019.151 98.5056886 107080.163 11.6113685 21576.5028 107.882514 0
10 114074.891 98.3999852 116190.814 9.52931886 21743.1688 108.715844 0
11 121015.511 98.3106028 122228.076 8.34716205 21909.8348 109.549174 0
12 127331.911 98.2304365 128021.913 7.68609334 22076.5008 110.382504 0
13 133487.657 98.1545425 133711.239 7.49271295 22243.1668 111.215834 0
14 139790.278 98.0789877 139698.331 7.61824259 22409.8328 112.049164 0
15 146346.753 98.0015739 146138.36 7.8645081 22576.4988 112.882494 0
16 153101.465 97.9219221 152942.002 8.06586239 22743.1648 113.715824 0
17 160309.826 97.8389381 159893.048 8.53092167 22909.8308 114.549154 0
18 167092.59 97.7556893 167551.896 8.11884068 23076.4968 115.382484 0
19 173821.423 97.6747648 173923.402 8.06606185 23243.1628 116.215814 0
20 180557.504 97.5940558 180599.589 8.07574324 23409.8288 117.049144 0
21 187396.891 97.512758 187344.137 8.18381223 23576.4948 117.882474 0
22 194398.684 97.4300626 194286.81 8.35527533 23743.1608 118.715804 0
23 201535.381 97.3457724 201451.644 8.502755 23909.8268 119.549134 0
24 208688.215 97.2606003 208726.009 8.53167427 24076.4928 120.382464 0
25 216077.896 97.174033 215900.069 8.78177937 24243.1588 121.215794 0
26 222754.93 97.0897455 223527.721 8.0757243 24409.8248 122.049124 0
27 229057.688 97.0109274 229510.108 7.68789322 24576.4908 122.882454 0
28 234986.319 96.9360015 235439.082 7.29729375 24743.1568 123.715784 0
29 240561.123 96.8648956 240994.204 6.9238787 24909.8228 124.549114 0
30 245710.414 96.7978949 246213.951 6.47625959 25076.4888 125.382444 0
31 250158 96.7367878 250937.23 5.74515755 25243.1548 126.215774 0
32 253358.422 96.6858099 254685.638 4.45043375 25409.8208 127.049104 0
33 254514.027 96.6519346 256645.4 2.32462687 25576.4868 127.882434 0
34 252540.831 96.6449915 255765.721 -0.936020453 25743.1528 128.715764 0
35 246699.985 96.6496716 177319.921 0 25909.8188 129.549094 0
36 236577.029 96.7004651 246609.479 -10.1586867 26076.4848 130.382424 0
37 222067.535 96.7512585 215071.31 0 26243.1508 131.215754 0
38 203860.144 96.842688 221951.235 -18.2858983 26409.8168 132.049084 0
39 182967.268 96.9341175 195146.952 0 26576.4828 132.882414 0
40 160662.557 96.9341175 190151.054 0 26743.1488 133.715744 0
41 138605.297 96.9341175 171482.027 0 26909.8148 134.549074 0
42 116947.008 96.9341175 152944.406 0 27076.4808 135.382404 0
43 98815.9208 96.9341175 133388.198 0 27243.1468 136.215734 0
44 83326.3848 96.9341175 114297.15 0 27409.8128 137.049064 0
45 70374.6213 96.9341175 96381.6372 0 27576.4788 137.882394 0
46 59599.9925 96.9341175 80086.294 0 27743.1448 138.715724 0
47 50567.3555 96.9341175 65592.914 0 27909.8108 139.549054 0
48 42915.0243 96.9341175 52881.9227 0 28076.4768 140.382384 0
49 36428.3501 96.9341175 41822.08 0 28243.1428 141.215714 0
50 30761.9151 96.9341175 32254.9212 0 28409.8088 142.049044 0
51 26509.5018 96.9341175 23960.9602 0 28576.4748 142.882374 0
52 23387.4993 97.2208848 26424.0353 -3.10719229 28688.8946 143.444473 54.2462643
53 21348.51 98.1393392 1684.67598 0 28674.9769 143.374884 126.337436
54 20199.5978 99.8027907 21489.6647 -1.62885508 28510.5814 142.552907 204.724003
55 19689.6276 102.239654 -8984.69925 0 28191.5035 140.957518 281.01987
56 19564.8461 105.399667 20027.2186 -1.05163446 27727.2186 138.636093 349.931057
57 19629.4118 109.197668 -16592.903 0 27135.336 135.67668 408.617538
58 19747.0349 113.526251 20104.54 -1.11340906 26437.3989 132.186994 455.985631
59 19981.6065 118.264711 -20265.635 0 25657.4862 128.287431 490.592983
60 20351.5395 123.278434 20516.6387 -0.99592303 24822.4037 124.112019 511.155552
61 20904.9271 128.42052 -21778.8175 0 23961.6484 119.808242 516.265789
62 21629.3416 133.530161 21429.8722 -0.631430211 23107.0175 115.535088 505.031035
63 22432.1625 138.44886 21194.3017 -0.196436799 22290.7717 111.453858 477.880829
64 23166.4844 143.024236 22209.7384 0.0111557668 21542.5477 107.712738 437.009193
65 23698.6224 147.139649 23008.3038 0.0297234792 20886.0902 104.430451 386.114271
66 23955.9868 150.718312 23450.8553 -0.0430273102 20337.0369 101.685185 329.604977
67 24039.6303 153.720237 23541.8662 -0.023662175 19903.3846 99.5169229 270.713386
68 24090.9539 156.128742 23557.0609 0.129751631 19588.2436 97.9412178 211.093625
69 24272.2044 157.934737 23675.1568 0.440363709 19393.1405 96.9657023 150.675474
70 24664.3238 159.124695 24075.6196 0.835511426 19320.539 96.6026951 88.5919827
71 25209.5891 159.680778 24761.9581 1.18585925 19373.9671 96.8698353 24.6459733
72 25718.5768 159.594301 25548.2501 1.3602378 19555.3823 97.7769115 -39.3952082
73 26024.7375 159.384499 26204.1877 1.20492213 19761.4435 98.8072175 0
74 25971.1973 159.374566 26386.0334 0.781698528 19928.1095 99.6405475 0
75 25398.4718 159.369388 25917.4373 0.254009311 20094.7755 100.473877 0
76 24455.5202 159.368785 24834.2054 -0.133501643 20261.4415 101.307207 0
77 23356.7082 159.369452 -37232.5697 0 20428.1075 102.140537 0
78 22393.3291 159.373542 23209.0422 -0.817852811 20594.7735 102.973867 0
79 21810.8344 159.377631 -9272.34414 0 20761.4395 103.807197 0
80 21723.8505 159.37658 21510.7 0.21011852 20928.1055 104.640527 0
81 22084.2464 159.370854 21353.7092 0.93516008 21094.7715 105.473857 0
82 22711.4732 159.359361 22276.3121 1.36341585 21261.4375 106.307187 0
83 23407.4373 159.345019 23258.2512 1.5050364 21428.1035 107.140517 0
84 23902.3872 159.330839 24068.4719 1.33097653 21594.7695 107.973847 0
85 24161.7353 159.318682 24384.2117 1.10029806 21761.4355 108.807177 0
86 24237.2923 159.308621 24417.3774 0.911914339 21928.1015 109.640507 0
87 24262.4911 159.299793 24312.3139 0.853829916 22094.7675 110.473837 0
88 24376.5837 159.290842 24286.0701 0.936215512 22261.4335 111.307167 0
89 24651.9491 159.280686 24485.2073 1.0949823 22428.0995 112.140497 0
90 25057.6521 159.269075 24917.4119 1.22733619 22594.7655 112.973827 0
91 25495.6316 159.256617 25450.8145 1.26425377 22761.4315 113.807157 0
92 25765.3457 159.244795 25921.3363 1.10018841 22928.0975 114.640487 0
93 25792.2046 159.235009 26027.0716 0.857049434 23094.7635 115.473817 0
94 25576.4202 159.227679 25816.2049 0.608848967 23261.4295 116.307147 0
95 25221.705 159.222332 25361.5757 0.460545037 23428.0955 117.140477 0
96 24890.5756 159.217658 24868.5544 0.474252827 23594.7615 117.973807 0
97 24732.0069 159.212086 24557.9664 0.6401833 23761.4275 118.807137 0
98 24816.5261 159.204473 24566.4042 0.882396525 23928.0935 119.640467 0
99 25131.7939 159.19447 24888.2941 1.11812501 24094.7595 120.473797 0
100 33495.5942 159.142958 25429.9823 9.18444327 24261.4255 121.307127 0
101 38163.9664 159.068841 41705.5805 5.63891239 24428.0915 122.140457 0
102 46888.3324 158.991818 42764.3403 9.76560564 24594.7575 122.973787 0
103 59885.4403 158.872236 55513.6083 14.1509178 24761.4235 123.807117 0
104 76617.0261 158.711244 72748.824 18.0472977 24928.0895 124.640447 0
105 95883.0008 158.517184 93210.3871 20.7647024 25094.7555 125.473777 0
106 116107.928 158.303913 115042.643 21.8896279 25261.4215 126.307107 0
107 135724.158 158.087463 136282.488 21.4002965 25428.0875 127.140437 0
108 153531.977 157.882209 155352.817 19.6505571 25594.7535 127.973767 0
109 169721.766 157.693769 171406.64 18.0374245 25761.4195 128.807097 0
110 182624.201 157.530009 186006.768 14.7144985 25928.0855 129.640427 0
111 193742.021 157.392178 195658.621 12.8517028 26094.7515 130.473757 0
112 203861.115 157.269031 204986.568 11.7778529 26261.4175 131.307087 0
113 213723.806 157.152825 214092.118 11.4632316 26428.0835 132.140417 0
114 223822.366 157.03718 223678.922 11.6657689 26594.7495 132.973747 0
115 234328.053 156.918535 233996.417 12.0633402 26761.4155 133.807077 0
116 245151.844 156.796278 244899.473 12.3880655 26928.0815 134.640407 0
117 256702.777 156.668669 256039.697 13.1337279 27094.7475 135.473737 0
118 267572.966 156.540632 268314.066 12.4735283 27261.4135 136.307067 0
119 278357.541 156.41632 278526.194 12.3889476 27428.0795 137.140397 0
120 289154.462 156.29235 289226.605 12.4049893 27594.7455 137.973727 0
121 300117.561 156.167431 300037.603 12.5788131 27761.4115 138.807057 0
122 311341.508 156.040267 311167.081 12.8539549 27928.0775 139.640387 0
123 322782.291 155.910546 322653.358 13.0902598 28094.7435 140.473717 0
124 334249.714 155.779413 334315.792 13.1363216 28261.4095 141.307047 0
125 346097.303 155.646049 345818.067 13.5366228 28428.0755 142.140377 0
126 356804.224 155.516339 358047.811 12.4052383 28594.7415 142.973707 0
127 366912.363 155.39539 367641.656 11.7847108 28761.4075 143.807037 0
128 376421.87 155.280661 377150.455 11.1609953 28928.0735 144.640367 0
129 385365.175 155.172028 386061.476 10.5655415 29094.7395 145.473697 0
130 393627.361 155.069943 394436.226 9.85149651 29261.4055 146.307027 0
131 400765.876 154.977268 402016.224 8.68346407 29428.0715 147.140357 0
132 405906.708 154.900786 408034.455 6.61295235 29594.7375 147.973687 0
133 407771.66 154.851661 411186.512 3.21215184 29761.4035 148.807017 0
134 404623.584 154.845625 409788.445 -2.00493346 29928.0695 149.640347 0
135 395271.767 154.855649 322537.312 0 30094.7355 150.473677 0
136 379053.561 154.937509 395224.251 -16.3719945 30261.4015 151.307007 0
137 355806.941 155.019369 364995.917 0 30428.0675 152.140337 0
138 326325.834 155.019369 356957.917 0 30594.7335 152.973667 0
139 292605.65 155.019369 338648.273 0 30761.3995 153.806997 0
140 256935.422 155.019369 315813.3 0 30928.0655 154.640327 0
141 221660.92 155.019369 288788.895 0 31094.7315 155.473657 0
142 187024.464 155.019369 259071.655 0 31261.3975 156.306987 0
143 158028.794 155.019369 227748.781 0 31428.0635 157.140317 0
144 133257.556 155.019369 197185.507 0 31594.7295 157.973647 0
145 112544.785 155.019369 168512.756 0 31761.3955 158.806977 0
146 95313.7399 155.019369 142438.146 0 31928.0615 159.640307 0
147 80868.5297 155.019369 119250.078 0 32094.7275 160.473637 0
148 68630.7378 155.019369 98915.6827 0 32261.3935 161.306967 0
149 58257.0926 155.019369 81224.0218 0 32428.0595 162.140297 0
150 49195.1936 155.019369 65920.964 0 32594.7255 162.973627 0
151 42394.6322 155.019369 52655.0229 0 32761.3915 163.806957 0
152 37291.5284 155.019369 41499.3841 0 32928.0575 164.640287 0
153 33721.7734 155.019369 32319.2952 0 33094.7235 165.473617 0
154 31377.4003 155.030419 33583.6732 -2.21001498 33261.3895 166.306947 0
155 29892.7574 155.220061 10471.2578 0 33392.3373 166.961687 35.7181978
156 28921.1087 155.803691 29801.2183 -0.99059895 33443.2679 167.216339 80.0172145
157 28196.0858 156.853748 -961.265992 0 33400.913 167.004565 129.003685
158 27553.5842 158.406319 28221.4464 -0.94054524 33258.0053 166.290026 180.570034
159 27112.6914 160.471312 -8065.06022 0 33012.6132 165.063066 231.488023
160 26913.0317 163.024345 27267.7283 -0.779015708 32669.4517 163.347258 278.339492
161 27023.3541 166.006472 -11829.7079 0 32240.4713 161.202357 317.306869
162 27426.7096 169.320593 27276.0215 -0.389174881 31744.7023 158.723512 345.128144
163 28005.8277 172.848913 27036.4617 0.00269934473 31206.0908 156.030454 360.149402
164 28582.7993 176.463247 27852.8277 0.139298745 30649.7481 153.24874 362.859315
165 28999.933 180.054347 28488.4397 0.0635999239 30097.9912 150.489956 355.563587
166 29172.8146 183.539815 28786.0835 -0.112605976 29567.6125 147.838063 341.481032
167 29222.4271 186.861377 28750.4276 -0.168815549 29070.2475 145.351237 322.550048
168 29312.787 189.970417 28711.5686 -0.0559630374 28615.3303 143.076652 299.033108
169 29632.2307 192.811435 28876.5229 0.25445186 28213.5942 141.067971 269.368975
170 30273.0518 195.310042 29455.3607 0.675920945 27879.6084 139.398042 231.282853
171 31160.6567 197.375605 30447.8223 1.05327343 27631.4327 138.157163 183.558859
172 32055.9519 198.920309 31623.2097 1.22724287 27486.8774 137.434387 127.662447
173 32638.3951 199.888827 32591.3237 1.10605557 27457.5064 137.287532 68.3744747
174 32638.0859 200.286522 32956.9235 0.712375091 27542.815 137.714075 12.9829894
175 31904.962 200.196071 32492.9864 0.129183011 27726.7297 138.633648 -30.231689
176 30697.5369 200.046007 31188.9343 -0.348050049 27923.6274 139.618137 0
177 29318.3969 200.047747 -31020.7668 0 28090.2934 140.451467 0
178 28109.1492 200.053089 29175.3111 -1.06842916 28256.9594 141.284797 0
179 27385.163 200.110749 -2935.25265 0 28413.1618 142.065809 10.4635311
180 27298.5682 200.275382 27110.6121 0.162372716 28546.7389 142.733694 22.6254606
181 27788.3452 200.534455 26922.3367 0.986277264 28660.4416 143.302208 30.3377516
182 28621.0592 200.825093 28077.1501 1.48021207 28766.5135 143.832567 30.2564377
183 29536.8661 201.070814 29321.0729 1.65013129 28880.9049 144.404524 22.0181192
184 30185.0386 201.210343 30360.4743 1.44349237 29016.5716 145.082858 8.98118084
185 30515.8423 201.216664 30775.0111 1.1731569 29179.3566 145.896783 -5.10016686
186 30607.7134 201.180584 30833.5996 0.94280265 29351.1227 146.755614 0
187 30639.8559 201.17154 30708.3301 0.866019986 29517.7887 147.588944 0
188 30784.2623 201.162359 30671.9724 0.970169075 29684.4547 148.422274 0
189 31132.3391 201.151655 30923.9291 1.17063189 29851.1207 149.255604 0
190 31645.0254 201.139113 31470.116 1.33770681 30017.7867 150.088934 0
191 32198.4847 201.125503 32144.0783 1.3842628 30184.4527 150.922264 0
192 32539.4508 201.112697 32738.6323 1.17701012 30351.1187 151.755594 0
193 32573.7155 201.102462 32872.4926 0.869913165 30517.7847 152.588924 0
194 32301.5364 201.09533 32606.5006 0.556447608 30684.4507 153.422254 0
195 31853.8882 201.090702 32032.6542 0.369158164 30851.1167 154.255584 0
196 31436.0189 201.086924 31410.3294 0.386475208 31017.7827 155.088914 0
197 31236.0815 201.082012 31018.4099 0.596031558 31184.4487 155.922244 0
198 31343.1591 201.074522 31029.3968 0.901932746 31351.1147 156.755574 0
199 31739.8946 201.052727 31434.5013 1.20142047 31520.0363 157.600181 -2.25554476
200 42300.924 200.978496 32118.4922 11.3892479 31688.9578 158.444789 0
201 48197.027 200.887013 52676.0679 6.90740173 31855.6238 159.278119 0
202 59215.607 200.791893 54011.9279 12.1166571 32022.2898 160.111449 0
203 75630.5695 200.643054 70115.3823 17.6510733 32188.9558 160.944779 0
204 96762.3182 200.441974 91886.224 22.5650293 32355.6218 161.778109 0
205 121095.397 200.199214 117732.542 25.9868323 32522.2878 162.611439 0
206 146640.248 199.932299 145308.665 27.3962343 32688.9538 163.444769 0
207 171417.043 199.661475 172134.444 26.7685729 32855.6198 164.278099 0
208 193910.536 199.404868 196218.797 24.5527688 33022.2858 165.111429 0
209 214361.072 199.169535 216493.298 22.5138294 33188.9518 165.944759 0
210 230660.129 198.965374 234933.426 18.3185264 33355.6178 166.778089 0
211 244705.536 198.793929 247124.203 15.9704375 33522.2838 167.611419 0
212 257489.796 198.640976 258907.801 14.6201726 33688.9498 168.444749 0
213 269950.457 198.496732 270412.429 14.2285228 33855.6158 169.278079 0
214 282709.294 198.353146 282526.154 14.4887677 34022.2818 170.111409 0
215 295982.649 198.205733 295563.396 14.9937417 34188.9478 170.944739 0
216 309658.111 198.053738 309340.39 15.4052803 34355.6138 171.778069 0
217 324252.384 197.894974 323416.823 16.3475777 34522.2798 172.611399 0
218 337987.133 197.73567 338926.077 15.5132539 34688.9458 173.444729 0
219 351614.086 197.581072 351829.644 15.4063254 34855.6118 174.278059 0
220 365256.972 197.426905 365350.187 15.4269342 35022.2778 175.111389 0
221 379110.111 197.271536 379011.077 15.6469683 35188.9438 175.944719 0
222 393293.1 197.113327 393074.914 15.9948063 35355.6098 176.778049 0
223 407750.358 196.951887 407589.957 16.2932735 35522.2758 177.611379 0
224 422241.638 196.788664 422327.829 16.3511783 35688.9418 178.444709 0
225 437213.543 196.622626 436863.521 16.8565775 35855.6078 179.278039 0
226 450744.849 196.461208 452318.698 15.4269167 36022.2738 180.111369 0
227 463520.059 196.310856 464443.368 14.6434543 36188.9398 180.944699 0
228 475539.314 196.168355 476460.862 13.8568204 36355.6058 181.778029 0
229 486843.536 196.033539 487723.813 13.1063627 36522.2718 182.611359 0
230 497287.51 195.906976 498309.806 12.2062558 36688.9378 183.444689 0
231 506312.093 195.792281 507892.004 10.7327182 36855.6038 184.278019 0
232 512813.014 195.69802 515501.001 8.11939665 37022.2698 185.111349 0
233 515175.3 195.638292 519488.426 3.82634696 37188.9358 185.944679 0
234 511204.041 195.632959 517726.559 -2.75987694 37355.6018 186.778009 0
235 499391.79 195.646759 424553.034 0 37522.2678 187.611339 0
236 478901.986 195.750386 499373.538 -20.725473 37688.9338 188.444669 0
237 449532.324 195.854013 470007.397 0 37855.5998 189.277999 0
238 412285.41 195.854013 456580.94 0 38022.2658 190.111329 0
239 369682.777 195.854013 434122.355 0 38188.9318 190.944659 0
240 324616.425 195.854013 405282.609 0 38355.5978 191.777989 0
241 280050.041 195.854013 371146.492 0 38522.2638 192.611319 0
242 236289.775 195.854013 333605.932 0 38688.9298 193.444649 0
243 199656.17 195.854013 294035.258 0 38855.5958 194.277979 0
244 168359.782 195.854013 255423.244 0 39022.2618 195.111309 0
245 142190.927 195.854013 219199.053 0 39188.9278 195.944639 0
246 120420.942 195.854013 186256.928 0 39355.5938 196.777969 0
247 102170.627 195.854013 156961.394 0 39522.2598 197.611299 0
248 86709.1996 195.854013 131271.023 0 39688.9258 198.444629 0
249 73602.9662 195.854013 108919.383 0 39855.5918 199.277959 0
250 62154.0143 195.854013 89585.4479 0 40022.2578 200.111289 0
251 53562.0736 195.854013 72825.1742 0 40188.9238 200.944619 0
252 47114.7285 195.854013 58731.0475 0 40355.5898 201.777949 0
253 42604.6415 195.854013 47132.8333 0 40522.2558 202.611279 0
254 39639.8965 195.854013 37848.1865 0 40688.9218 203.444609 0
255 37750.1237 196.019939 39527.607 -1.81098461 40824.2136 204.121068 31.3741864
256 36486.3395 196.559074 16080.8559 0 40884.8637 204.424318 74.6417808
257 35514.2116 197.564203 36460.1614 -1.12885351 40851.6328 204.258164 125.255096
258 34632.002 199.10034 4874.57893 0 40712.2002 203.561001 180.843484
259 33993.6841 201.197698 34740.3963 -1.10370618 40460.4983 202.302492 237.524417
260 33652.1692 203.846334 -1774.45362 0 40098.5409 200.492705 291.09899
261 33694.7615 206.989423 33894.8057 -0.71456645 39637.3036 198.186518 336.804338
262 34101.7933 210.529661 -5458.54796 0 39096.6365 195.483183 370.52872
263 34727.5196 214.334462 34428.6399 -0.320690502 38502.663 192.513315 390.110776
264 35354.0024 218.267007 34460.615 -0.0702632989 37883.2111 189.416055 396.007208
265 35788.3483 222.202157 35167.0174 -0.0907095661 37263.008 186.31504 390.861851
266 35929.6654 226.050322 35493.5308 -0.274869168 36660.4066 183.302033 378.405519
267 35929.4667 229.749213 35405.4114 -0.337888637 36087.9071 180.439535 360.760008
268 35990.231 233.24562 35309.1655 -0.204830487 35555.8344 177.779172 337.978656
269 36342.6882 236.475139 35465.9277 0.167057444 35076.6344 175.383172 307.887333
270 37098.8825 239.347667 36137.6085 0.674232592 34667.9535 173.339768 267.459564
271 38166.4048 241.750913 37324.673 1.12716486 34352.1688 171.760844 214.99115
272 39251.8818 243.574001 38744.1461 1.33116779 34151.7591 170.758795 152.084624
273 39962.4743 244.744023 39917.9007 1.17442904 34081.9151 170.409575 84.4253729
274 39966.965 245.260842 40361.7597 0.685248738 34143.3575 170.716788 20.7981798
275 39080.0093 245.217791 39796.9837 -0.0344813136 34317.9829 171.589915 -28.757618
276 37607.2167 245.074175 -24904.8452 0 34513.4066 172.567033 0
277 35918.4686 245.08191 37462.8019 -1.54700195 34680.0726 173.400363 0
278 34437.1659 245.089645 4769.81925 0 34846.7386 174.233693 0
279 33551.029 245.166389 34157.4287 -0.619968886 34998.6758 174.993379 14.72878
280 33449.0156 245.398013 -6637.94875 0 35119.637 175.598185 30.9759809
281 34054.618 245.754981 33230.0964 0.772208019 35214.1371 176.070686 41.1899304
282 35081.5169 246.15612 34315.9013 1.47406573 35298.329 176.491645 41.2841623
283 36210.3896 246.500509 35852.6426 1.77211545 35392.8711 176.964355 30.8397694
284 37010.4937 246.70812 37175.5516 1.56564799 35514.6771 177.573385 14.0202219
285 37419.9987 246.741586 37718.4041 1.25177728 35671.8325 178.359162 -4.50962251
286 37534.2626 246.707906 37806.3945 0.974641855 35843.0081 179.215041 0
287 37573.9549 246.698627 37659.056 0.881162497 36009.6741 180.048371 0
288 37751.3195 246.689181 37616.4137 1.0079052 36176.3401 180.881701 0
289 38178.4545 246.677876 37925.2962 1.25314389 36343.0061 181.715031 0
290 38807.4632 246.664322 38595.0681 1.45776036 36509.6721 182.548361 0
291 39486.4833 246.649459 39421.7089 1.51473788 36676.3381 183.381691 0
292 39904.9217 246.635583 40151.0775 1.26051506 36843.0041 184.215021 0
293 39947.2386 246.624861 40315.5061 0.883875928 37009.6701 185.048351 0
294 39613.7419 246.617944 39989.5692 0.499454267 37176.3361 185.881681 0
295 39065.0479 246.614098 39286.0943 0.269786225 37343.0021 186.715011 0
296 38552.8662 246.611294 38523.1822 0.291033823 37509.6681 187.548341 0
297 38307.949 246.607099 38042.8383 0.548023315 37676.3341 188.381671 0
298 38439.5541 246.599743 38056.5991 0.923169172 37843.0001 189.215001 0
299 38928.5884 246.588685 38555.8554 1.28830575 38009.6661 190.048331 0
300 51884.8624 246.51333 39395.8273 13.7828761 38176.3321 190.881661 0
301 59117.266 246.402978 64611.0999 8.28745266 38342.9981 191.714991 0
302 72632.93 246.28817 66255.0266 14.6740771 38509.6641 192.548321 0
303 92767.9817 246.107511 86009.7556 21.4578186 38676.3301 193.381651 0
304 118689.003 245.862836 112718.184 27.4770913 38842.9961 194.214981 0
305 148537.296 245.567137 144426.115 31.6627088 39009.6621 195.048311 0
306 179872.574 245.241929 178253.996 33.3789993 39176.3281 195.881641 0
307 210266.391 244.91204 211159.022 32.5988096 39342.9941 196.714971 0
308 237860.057 244.599672 240699.945 29.8747631 39509.6601 197.548301 0
309 262948.297 244.313436 265567.626 27.3723104 39676.3261 198.381631 0
310 282944.534 244.065435 288186.995 22.2279508 39842.9921 199.214961 0
311 300176.613 243.857532 303140.81 19.3527109 40009.6581 200.048291 0
312 315861.916 243.672254 317597.188 17.7028529 40176.3241 200.881621 0
313 331150.478 243.497597 331713.358 17.2284961 40342.9901 201.714951 0
314 346805.034 243.323693 346577.952 17.552378 40509.6561 202.548281 0
315 363091.001 243.145057 362575.995 18.1747276 40676.3221 203.381611 0
316 379870.517 242.960779 379481.574 18.6809356 40842.9881 204.214941 0
317 397777.478 242.768188 396754.264 19.837262 41009.6541 205.048271 0
318 414630.335 242.574936 415784.889 18.8132327 41176.3201 205.881601 0
319 431351.264 242.38746 431618.002 18.681941 41342.9861 206.714931 0
320 448092.044 242.200512 448208.205 18.7075985 41509.6521 207.548261 0
321 465091.061 242.012084 464971.267 18.9780127 41676.3181 208.381591 0
322 482495.046 241.820169 482229.301 19.4049931 41842.9841 209.214921 0
323 500235.829 241.624289 500041.331 19.7710522 42009.6501 210.048251 0
324 518018.682 241.426225 518126.974 19.8417264 42176.3161 210.881581 0
325 536391.524 241.224709 535964.646 20.4614179 42342.9821 211.714911 0
326 552997.314 241.028867 554930.879 18.7069485 42509.6481 212.548241 0
327 568675.788 240.846601 569810.255 17.7462482 42676.3141 213.381571 0
328 583427.069 240.673957 584558.42 16.7826014 42842.9801 214.214901 0
329 597301.32 240.510725 598381.524 15.8638351 43009.6461 215.048231 0
330 610120.342 240.357597 611374.596 14.7616384 43176.3121 215.881561 0
331 621198.081 240.219009 623136.321 12.956031 43342.9781 216.714891 0
332 629179.63 240.105467 632476.904 9.75246223 43509.6441 217.548221 0
333 632083.424 240.034259 637373.471 4.48910665 43676.3101 218.381551 0
334 627216.268 240.029743 635215.22 -3.58600573 43842.9761 219.214881 0
335 612725.905 240.047673 535782.026 0 44009.6421 220.048211 0
336 587586.481 240.174992 612738.946 -25.4636654 44176.3081 220.881541 0
337 551551.913 240.30231 584275.075 0 44342.9741 221.714871 0
338 505851.958 240.30231 565027.869 0 44509.6401 222.548201 0
339 453580.826 240.30231 538044.704 0 44676.3061 223.381531 0
340 398286.843 240.30231 502669.018 0 44842.9721 224.214861 0
341 343606.294 240.30231 460791.993 0 45009.6381 225.048191 0
342 289914.808 240.30231 414735.893 0 45176.3041 225.881521 0
343 244967.351 240.30231 366187.599 0 45342.9701 226.714851 0
344 206568.371 240.30231 318814.62 0 45509.6361 227.548181 0
345 174460.598 240.30231 274370.758 0 45676.3021 228.381511 0
346 147750 240.30231 233953.4 0 45842.9681 229.214841 0
347 125357.848 240.30231 198009.934 0 46009.6341 230.048171 0
348 106387.511 240.30231 166489.622 0 46176.3001 230.881501 0
349 90306.8693 240.30231 139065.626 0 46342.9661 231.714831 0
350 76259.6229 240.30231 115344.106 0 46509.6321 232.548161 0
351 65717.775 240.30231 94780.2724 0 46676.2981 233.381491 0
352 57807.2305 240.30231 77487.6188 0 46842.9641 234.214821 0
353 52273.597 240.30231 63257.2892 0 47009.6301 235.048151 0
354 48636.0148 240.30231 51865.5646 0 47176.2961 235.881481 0
355 46278.159 240.30231 43004.7951 0 47342.9621 236.714811 0
356 44634.5712 240.455198 46147.7106 -1.54322234 47480.5938 237.402969 29.0343677
357 43315.3493 240.961633 21179.3651 0 47547.5159 237.737579 70.7095143
358 42082.7121 241.934679 43273.5843 -1.36238464 47520.9352 237.604676 122.537146
359 41133.1965 243.454179 11010.4961 0 47385.0635 236.925318 180.000543
360 40536.7923 245.549594 41233.1924 -1.0449509 47133.6914 235.668457 238.037557
361 40403.0497 248.198936 4688.10948 0 46771.534 233.85767 290.785842
362 40709.1136 251.320387 40637.2864 -0.436689648 46314.3465 231.571733 333.067676
363 41283.582 254.797764 40284.0435 -0.00612604509 45785.9799 228.929899 361.964935
364 41869.9697 258.495003 41154.0854 0.103167195 45213.1011 226.065506 377.579827
365 42245.8373 262.295317 41786.5439 -0.0582548741 44619.6593 223.098296 382.528024
366 42297.4659 266.113132 41972.4082 -0.348759157 44023.1695 220.115847 380.627789
367 42206.7742 269.889148 41718.6176 -0.459602497 43435.4405 217.177203 373.767131
368 42212.1997 273.568978 41502.4167 -0.325934539 42866.9262 214.334631 361.41325
369 42582.9742 277.079524 41617.9446 0.0912113885 42331.7176 211.658588 340.461305
370 43448.408 280.312354 42363.1522 0.666636533 41851.0598 209.255299 306.862506
371 44698.8564 283.128302 43733.4222 1.17813942 41452.6914 207.263457 258.171911
372 45989.8156 285.385639 45395.2922 1.39888499 41165.3129 205.826565 195.872554
373 46859.4517 286.9835 46787.9343 1.19911734 41009.8088 205.049044 126.297517
374 46915.875 287.903447 47342.2508 0.612570273 40990.6736 204.953368 59.5037015
375 45935.5669 288.23479 46727.1172 -0.241404077 41090.7 205.4535 7.13592278
376 44218.1738 288.155663 -18372.0692 0 41273.4327 206.367163 -23.2025937
377 42215.5672 288.048802 44060.0827 -1.83035395 41463.3013 207.316506 0
378 40474.5763 288.057954 11567.2909 0 41629.9673 208.149836 0
379 39437.537 288.180686 40205.2887 -0.787569195 41772.8743 208.864372 23.7589218
380 39330.204 288.54523 -129.472843 0 41867.4192 209.337096 48.3622059
381 40061.9516 289.106874 39141.6807 0.839616159 41920.9167 209.604584 64.8063046
382 41295.7749 289.759641 40427.7751 1.60796121 41954.5818 209.772909 68.1946448
383 42655.1414 290.372851 42238.0239 1.92576862 41995.072 209.97536 57.9811111
384 43631.053 290.840083 43806.9521 1.66933286 42064.6965 210.323482 39.0603949
385 44148.0657 291.105402 44470.1229 1.29648747 42175.333 210.876665 16.9691315
386 44297.0869 291.159085 44585.2156 0.989952385 42328.9759 211.64488 -3.94608259
387 44341.1566 291.129919 44428.5466 0.897141394 42499.588 212.49794 0
388 44550.6856 291.120213 44395.5217 1.04412663 42666.254 213.33127 0
389 45054.9764 291.108324 44757.5709 1.3336398 42832.92 214.1646 0
390 45797.5077 291.09378 45548.3657 1.57505636 42999.586 214.99793 0
391 46599.0663 291.077694 46524.1816 1.64219508 43166.252 215.83126 0
392 47093.1121 291.062773 47385.1621 1.34208132 43332.918 216.66459 0
393 47143.2874 291.051575 47579.4136 0.897532665 43499.584 217.49792 0
394 46749.9487 291.044868 47194.9519 0.443844416 43666.25 218.33125 0
395 46102.641 291.041784 46364.9527 0.172815308 43832.916 219.16458 0
396 45498.4171 291.039931 45464.8346 0.197898762 43999.582 219.99791 0
397 45209.6025 291.036435 44898.1993 0.501175126 44166.248 220.83124 0
398 45365.145 291.02921 44914.6677 0.943893737 44332.914 221.66457 0
399 45942.5176 291.017616 45504.086 1.37481776 44499.58 222.4979 0
400 61233.4849 290.930139 46495.6946 16.1205982 44666.246 223.33123 0
401 69769.376 290.801371 76256.5572 9.63301944 44832.912 224.16456 0
402 85720.8153 290.66737 78198.3913 17.1672465 44999.578 224.99789 0
403 109484.624 290.455692 101515.129 25.168416 45166.244 225.83122 0
404 140077.345 290.16853 133040.604 32.2639886 45332.91 226.66455 0
405 175305.479 289.821248 170466.714 37.1923669 45499.576 227.49788 0
406 212289.083 289.439256 210392.745 39.2059125 45666.242 228.33121 0
407 248162.112 289.051849 249227.214 38.2755026 45832.908 229.16454 0
408 280730.865 288.685197 284090.101 35.0550281 45999.574 229.99787 0
409 310343.098 288.349419 313437.671 32.1004533 46166.24 230.8312 0
410 333945.905 288.058764 340133.47 26.0307124 46332.906 231.66453 0
411 354286.583 287.815399 357782.191 22.6420899 46499.572 232.49786 0
412 372801.867 287.598684 374845.735 20.7009672 46666.238 233.33119 0
413 390849.064 287.394445 391509.597 20.146793 46832.904 234.16452 0
414 409328.409 287.191045 409057.921 20.5333672 46999.57 234.99785 0
415 428553.194 286.982025 427944.509 21.2705581 47166.236 235.83118 0
416 448360.731 286.766326 447902.263 21.8692338 47332.902 236.66451 0
417 469499.241 286.540808 468293.056 23.23433 47499.568 237.49784 0
418 489393.85 286.314511 490758.943 22.0251017 47666.234 238.33117 0
419 509133.003 286.095035 509449.76 21.8700228 47832.9 239.1645 0
420 528895.838 285.876182 529034.384 21.9006743 47999.566 239.99783 0
421 548963.727 285.655577 548823.687 22.2202984 48166.232 240.83116 0
422 569509.869 285.430853 569197.793 22.724488 48332.898 241.66449 0
423 590453.815 285.201449 590226.187 23.1564226 48499.564 242.49782 0
424 611447.696 284.969469 611577.717 23.2394561 48666.23 243.33115 0
425 633138.26 284.733419 632636.563 23.9705582 48832.896 244.16448 0
426 652743.336 284.504071 655027.983 21.8991324 48999.562 244.99781 0
427 671254.083 284.290747 672594.505 20.7656401 49166.228 245.83114 0
428 688670.602 284.088771 690006.423 19.6295814 49332.894 246.66447 0
429 705052.065 283.897888 706327.039 18.5469568 49499.56 247.4978 0
430 720188.096 283.718913 721668.347 17.2479639 49666.226 248.33113 0
431 733268.838 283.55708 735556.319 15.1187929 49832.892 249.16446 0
432 742694.885 283.424786 746586.097 11.339916 49999.558 249.99779 0
433 746127.057 283.342433 752369.405 5.13076171 50166.224 250.83112 0
434 740386.067 283.338757 749824.151 -4.39559334 50332.89 251.66445 0
435 723283.256 283.360735 644442.994 0 50499.556 252.49778 0
436 693608.125 283.511162 723326.427 -30.0853806 50666.222 253.33111 0
437 651071.943 283.661589 695716.794 0 50832.888 254.16444 0
438 597126.054 283.661589 670823.155 0 50999.554 254.99777 0
439 535423.308 283.661589 639420.291 0 51166.22 255.8311 0
440 470152.279 283.661589 597668.993 0 51332.886 256.66443 0
441 405605.37 283.661589 548240.845 0 51499.552 257.49776 0
442 342225.986 283.661589 493877.928 0 51666.218 258.33109 0
443 289168.373 283.661589 436572.032 0 51832.884 259.16442 0
444 243840.82 283.661589 380652.778 0 51999.55 259.99775 0
445 205939.636 283.661589 328190.659 0 52166.216 260.83108 0
446 174409.475 283.661589 280481.235 0 52332.882 261.66441 0
447 147976.964 283.661589 238052.728 0 52499.548 262.49774 0
448 125583.688 283.661589 200845.321 0 52666.214 263.33107 0
449 106601.514 283.661589 168473.252 0 52832.88 264.1644 0
450 90019.6332 283.661589 140471.649 0 52999.546 264.99773 0
451 77575.6524 283.661589 116197.449 0 53166.212 265.83106 0
452 68237.7578 283.661589 95784.6362 0 53332.878 266.66439 0
453 61705.6555 283.661589 78986.6812 0 53499.544 267.49772 0
454 57411.7212 283.661589 65539.5045 0 53666.21 268.33105 0
455 54628.4225 283.661589 55079.9497 0 53832.876 269.16438 0
456 52654.771 283.661589 47125.9278 0 53999.542 269.99771 0
457 51021.0073 283.827915 52503.401 -1.5142341 54134.457 270.672285 31.7509954
458 49466.7455 284.385692 25103.4927 0 54191.0819 270.955409 78.2901266
459 48229.8446 285.45696 49434.0643 -1.38749974 54144.8817 270.724408 134.576066
460 47397.9607 287.110779 16631.1425 0 53982.1715 269.910857 194.800172
461 47101.6948 289.349211 47512.4866 -0.777843672 53701.9289 268.509645 252.108363
462 47317.1452 292.115504 10571.342 0 53316.1141 266.58057 300.372468
463 47845.717 295.298545 47555.2824 -0.228267078 52846.4001 264.232 336.007564
464 48394.2188 298.774129 47615.3486 -0.0182215972 52318.1959 261.590979 358.862601
465 48709.5638 302.427205 48230.5678 -0.135433907 51754.4003 258.772001 371.599005
466 48665.7649 306.179077 48368.4415 -0.442915852 51171.2702 255.856351 378.197122
467 48475.9324 309.976973 48001.4784 -0.570752194 50579.3708 252.896854 380.368264
468 48415.1351 313.768984 47680.8569 -0.429779014 49988.635 249.943175 377.033493
469 48791.4703 317.477057 47751.1712 0.0323999603 49414.0838 247.070419 364.183769
470 49751.6226 320.978261 48557.8202 0.674855449 48879.8018 244.399009 336.764194
471 51168.9112 324.110461 50095.9448 1.24396764 48418.109 242.090545 291.594562
472 52648.4113 326.704952 51983.3875 1.48080479 48063.1519 240.31576 230.028558
473 53660.6812 328.636582 53577.8937 1.23768687 47840.7734 239.203867 159.015976
474 53754.9212 329.871863 54227.1106 0.553841823 47758.5917 238.792958 89.8317393
475 52671.1035 330.498684 53549.327 -0.433902849 47799.7736 238.998868 35.652379
476 50747.4243 330.704695 -11907.9063 0 47925.6713 239.628356 5.11589957
477 48473.0948 330.745689 50613.2489 -2.14763548 48086.2861 240.43143 0.935314546
478 46487.8395 330.854407 18236.6202 0 48233.3562 241.166781 18.6605833
479 45323.9408 331.194221 46251.8089 -0.977354271 48333.0368 241.665184 48.3248215
480 45230.1361 331.82996 6302.39789 0 48373.5323 241.867662 77.845603
481 46102.6037 332.69921 45085.6557 0.893682491 48365.4546 241.827273 96.8981719
482 47553.7726 333.670069 46568.254 1.73417768 48335.3209 241.676605 99.9014548
483 49149.3772 334.582053 48663.0914 2.07713793 48315.7789 241.578894 86.3066043
484 50301.3574 335.303642 50484.1828 1.7754339 48334.2745 241.671372 61.8637763
485 50920.6589 335.762816 51267.8792 1.34785926 48405.9824 242.029912 33.0942906
486 51110.442 335.942396 51420.7531 0.999867825 48534.3847 242.671923 5.16947074
487 51153.7179 335.859027 51237.8219 0.918529312 48715.806 243.57903 -19.9247754
488 51380.3655 335.749332 51210.2 1.09575863 48902.3967 244.511984 0
489 51962.1443 335.736781 51635.5447 1.4144933 49069.0627 245.345314 0
490 52818.7042 335.721244 52532.7076 1.69281844 49235.7287 246.178644 0
491 53743.3476 335.70393 53658.3408 1.77013133 49402.3947 247.011974 0
492 54313.3378 335.687959 54651.4912 1.42391852 49569.0607 247.845304 0
493 54371.4067 335.676284 54875.6824 0.911170065 49735.7267 248.678634 0
494 53917.9596 335.669788 54432.4262 0.387927686 49902.3927 249.511964 0
495 53171.5987 335.667472 53475.3371 0.0753758813 50069.0587 250.345294 0
496 52474.9223 335.666573 52437.4087 0.104327736 50235.7247 251.178624 0
497 52142.0148 335.663781 51784.1076 0.454102521 50402.3907 252.011954 0
498 52321.6012 335.656687 51803.2998 0.96469631 50569.0567 252.845284 0
499 52987.7059 335.644555 52483.2793 1.4617048 50735.7227 253.678614 0
500 70623.7718 335.544903 53627.1996 18.4687329 50902.3887 254.511944 0
501 80468.9603 335.397639 87954.4815 10.984017 51069.0547 255.345274 0
502 98867.0333 335.244368 90195.774 19.6701887 51235.7207 256.178604 0
503 126275.78 335.001552 117090.703 28.8931499 51402.3867 257.011934 0
504 161561.041 334.671745 153455.248 37.0682382 51569.0527 257.845264 0
505 202193.028 334.272699 196625.359 42.7408239 51735.7187 258.678594 0
506 244850.194 333.833739 242676.568 45.0513149 51902.3847 259.511924 0
507 286226.947 333.388637 287466.452 43.9689359 52069.0507 260.345254 0
508 323793.074 332.967546 327674.539 40.2493454 52235.7167 261.178584 0
509 357949.595 332.582096 361521.584 36.8406698 52402.3827 262.011914 0
510 385175.184 332.248684 392311.852 29.8417242 52569.0487 262.845244 0
511 408638.457 331.969785 412667.268 25.9380872 52735.7147 263.678574 0
512 429996.474 331.721569 432349.622 23.705165 52902.3807 264.511904 0
513 450814.738 331.487685 451572.759 23.0714839 53069.0467 265.345234 0
514 472131.601 331.25472 471817.102 23.5215034 53235.7127 266.178564 0
515 494308.446 331.015241 493605.465 24.3743081 53402.3787 267.011894 0
516 517157.653 330.76804 516629.322 25.0659501 53569.0447 267.845224 0
517 541542.28 330.509507 540152.376 26.640738 53735.7107 268.678554 0
518 564492.368 330.250076 566069.124 25.2453604 53902.3767 269.511884 0
519 587263.375 329.998517 587630.445 25.0663772 54069.0427 270.345214 0
520 610061.922 329.747675 610222.953 25.1021056 54235.7087 271.178544 0
521 633212.555 329.494808 633052.186 25.4712123 54402.3747 272.011874 0
522 656915.066 329.237188 656556.508 26.0529604 54569.0407 272.845204 0
523 681076.668 328.974168 680815.872 26.5510158 54735.7067 273.678534 0
524 705296.116 328.708181 705448.101 26.6463856 54902.3727 274.511864 0
525 730319.431 328.437502 729742.702 27.4893371 55069.0387 275.345194 0
526 752937.402 328.174558 755574.858 25.0994439 55235.7047 276.178524 0
527 774293.289 327.930099 775840.562 23.7924735 55402.3707 277.011854 0
528 794387.168 327.698719 795928.221 22.483444 55569.0367 277.845184 0
529 813287.257 327.480119 814757.671 21.2364851 55735.7027 278.678514 0
530 830750.854 327.275236 832457.901 19.7400818 55902.3687 279.511844 0
531 845843.742 327.090105 848481.791 17.2861859 56069.0347 280.345174 0
532 856720.914 326.939025 861208.398 12.929798 56235.7007 281.178504 0
533 860683.957 326.84552 867882.331 5.77119025 56402.3667 282.011834 0
534 854065.296 326.842724 864948.048 -5.2119683 56569.0327 282.845164 0
535 834338.316 326.868784 753726.959 0 56735.6987 283.678494 0
536 800107.058 327.042422 834411.491 -34.7276446 56902.3647 284.511824 0
537 751039.989 327.21606 807642.507 0 57069.0307 285.345154 0
538 688811.044 327.21606 777098.116 0 57235.6967 286.178484 0
539 617634.225 327.21606 741251.75 0 57402.3627 287.011814 0
540 542341.236 327.21606 693096.299 0 57569.0287 287.845144 0
541 467883.551 327.21606 636083.145 0 57735.6947 288.678474 0
542 394772.657 327.21606 573376.09 0 57902.3607 289.511804 0
543 333568.378 327.21606 507273.217 0 58069.0267 290.345134 0
544 281281.061 327.21606 442769.247 0 58235.6927 291.178464 0
545 237560.386 327.21606 382252.798 0 58402.3587 292.011794 0
546 201188.965 327.21606 327218.495 0 58569.0247 292.845124 0
547 170697.906 327.21606 278275.765 0 58735.6907 293.678454 0
548 144866.282 327.21606 235355.667 0 58902.3567 294.511784 0
549 122969.513 327.21606 198013.254 0 59069.0227 295.345114 0
550 103841.588 327.21606 165712.304 0 59235.6887 296.178444 0
551 89486.9111 327.21606 137711.035 0 59402.3547 297.011774 0
552 78715.2409 327.21606 114164.019 0 59569.0207 297.845104 0
553 71180.175 327.21606 94786.8812 0 59735.6867 298.678434 0
554 66226.9338 327.21606 79275 0 59902.3527 299.511764 0
555 63016.2768 327.21606 67209.4629 0 60069.0187 300.345094 0
556 60739.5834 327.21606 58034.1621 0 60235.6847 301.178424 0
557 58822.0663 327.224908 60588.3089 -1.76946561 60402.3507 302.011754 0
558 56951.5936 327.416291 36198.1833 0 60532.5096 302.662548 36.5071276
559 55424.902 328.042194 56855.4017 -1.53840488 60575.5334 302.877667 87.1350571
560 54348.4298 329.212898 25585.4331 0 60509.5969 302.547984 145.467491
561 53875.8119 330.963115 54393.7881 -0.805443426 60327.025 301.635125 203.770374
562 53981.9674 333.261221 18687.1903 0 60034.8752 300.174376 255.045487
563 54442.4413 336.012808 54156.3472 -0.162635862 59651.3865 298.256932 295.109184
564 54927.168 339.106967 54225.3645 0.0321719339 59199.3512 295.996756 323.592121
565 55154.3501 342.441497 54771.5861 -0.129911123 58699.2089 293.496044 343.216165
566 54987.3632 345.951208 54787.9376 -0.496722211 58164.5593 290.822797 358.099411
567 54671.7933 349.596101 54252.5826 -0.655754546 57603.3992 288.016996 369.726701
568 54519.8758 353.332609 53790.4885 -0.51096361 57023.9302 285.119651 376.408277
569 54878.3168 357.08304 53788.2913 -0.00542994833 56441.0264 282.205132 373.16151
570 55910.7606 360.714641 54632.5967 0.701263706 55880.6764 279.403382 353.854501
571 57473.7714 364.046256 56315.6292 1.32407602 55378.9942 276.894971 314.493704
572 59123.4597 366.885279 58406.8222 1.57304529 54974.9583 274.874792 256.208172
573 60265.0899 369.084267 60184.8138 1.28364233 54698.9701 273.494851 186.446074
574 60391.1049 370.595396 60917.0072 0.501038027 54561.6256 272.808128 117.564382
575 59206.1376 371.504473 60173.2148 -0.620547366 54546.5957 272.732978 64.1315928
576 57085.3271 372.006776 -5593.5923 0 54613.4217 273.067108 35.7084077
577 54574.0369 372.37415 57000.7571 -2.48201327 54709.0949 273.545474 35.2844073
578 52388.8953 372.852278 24701.1198 0 54782.6173 273.913086 57.8591891
579 51128.3823 373.608836 52212.5712 -1.19067658 54799.1625 273.995812 92.2616012
580 51073.6633 374.700876 12548.688 0 54748.611 273.743055 124.955875
581 52108.8202 376.043041 50995.2888 0.924739232 54645.9193 273.229596 144.401858
582 53796.507 377.4734 52670.2591 1.84044618 54523.7484 272.618742 144.435042
583 55644.6545 378.798345 55068.5961 2.21239262 54421.3725 272.106863 124.606784
584 56985.4527 379.859129 57158.141 1.86975895 54371.7995 271.858998 91.6322097
585 57715.456 380.566639 58075.1822 1.39185119 54393.702 271.96851 53.1313732
586 57949.7604 380.896361 58274.2317 1.00673654 54492.025 272.460125 15.2115498
587 58008.3883 380.864611 58085.5093 0.924446018 54663.1098 273.315549 -19.6302708
588 58267.849 380.756174 58066.4245 1.13268834 54849.406 274.24703 0
589 58927.7831 380.743029 58556.2161 1.49641418 55016.072 275.08036 0
590 59899.3362 380.726487 59576.2005 1.81192948 55182.738 275.91369 0
591 60948.1058 380.70793 60852.9513 1.89943973 55349.404 276.74702 0
592 61594.683 380.6909 61979.4124 1.50665316 55516.07 277.58035 0
593 61660.7119 380.678741 62233.7863 0.925054066 55682.736 278.41368 0
594 61146.6474 380.672458 61731.2117 0.331621732 55849.402 279.24701 0
595 60300.3948 380.670914 60645.9348 -0.0228290214 56016.068 280.08034 0
596 59510.4911 380.671028 -2320.61568 0 56182.734 280.91367 0
597 59133.6178 380.672167 59359.5601 -0.227729925 56349.4 281.747 0
598 59338.7161 380.673305 26569.479 0 56516.066 282.58033 0
599 60095.4851 380.667969 59025.6763 1.0673065 56682.732 283.41366 0
600 80098.2063 380.559466 60547.2531 20.6332504 56849.398 284.24699 0
601 91264.7308 380.394815 99603.5761 12.2969267 57016.064 285.08032 0
602 112131.506 380.22235 102250.408 22.1960693 57182.73 285.91365 0
603 143217.965 379.948083 132800.762 32.6573627 57349.396 286.74698 0
604 183237.956 379.575214 174058.778 41.9163878 57516.062 287.58031 0
605 229322.408 379.123955 223023.858 48.3353352 57682.728 288.41364 0
606 277704.204 378.627563 275253.215 50.9430852 57849.394 289.24697 0
607 324634.246 378.124316 326050.843 49.7063229 58016.06 290.0803 0
608 367242.779 377.648371 371651.629 45.4827463 58182.726 290.91363 0
609 405984.563 377.212878 410038.306 41.6159183 58349.392 291.74696 0
610 436865.627 376.8364 444959.775 33.679644 58516.058 292.58029 0
611 463479.692 376.521717 468046.04 29.2568914 58682.724 293.41362 0
612 487706.122 376.241782 490370.775 26.7301642 58849.39 294.24695 0
613 511320.487 375.978047 512176.396 26.0167973 59016.056 295.08028 0
614 535500.503 375.715307 535141.275 26.5312094 59182.722 295.91361 0
615 560656.078 375.445147 559857.802 27.5008704 59349.388 296.74694 0
616 586574.438 375.16621 585975.605 28.2863765 59516.054 297.58027 0
617 614234.512 374.874415 612659.302 30.0727291 59682.72 298.4136 0
618 640267.7 374.581604 642058.185 28.4894194 59849.386 299.24693 0
619 666097.979 374.297726 666515.874 28.2863115 60016.052 300.08026 0
620 691959.696 374.014658 692143.412 28.3272164 60182.718 300.91359 0
621 718220.964 373.72929 718040.092 28.7462945 60349.384 301.74692 0
622 745108.402 373.438527 744702.996 29.4063004 60516.05 302.58025 0
623 772516.782 373.141641 772222.615 29.9710286 60682.716 303.41358 0
624 799990.997 372.841392 800165.265 30.0787799 60849.382 304.24691 0
625 828377.241 372.535825 827724.906 31.0345395 61016.048 305.08024 0
626 854035.408 372.239036 857028.982 28.323233 61182.714 305.91357 0
627 878262.231 371.963214 880018.193 26.841301 61349.38 306.7469 0
628 901057.754 371.702217 902805.757 25.3579252 61516.046 307.58023 0
629 922499.322 371.455701 924166.771 23.9453674 61682.712 308.41356 0
630 942311.615 371.224724 944247.326 22.2499973 61849.378 309.24689 0
631 959434.93 371.016131 962426.511 19.4686912 62016.044 310.08022 0
632 971776.44 370.846138 976865.293 14.5299047 62182.71 310.91355 0
633 976275.249 370.741419 984437.801 6.41378669 62349.376 311.74688 0
634 968771.075 370.739543 981110.727 -6.03848748 62516.042 312.58021 0
635 946396.265 370.769735 864116.083 0 62682.708 313.41354 0
636 907567.733 370.966794 946499.555 -39.4116756 62849.374 314.24687 0
637 851910.798 371.163852 920567.986 0 63016.04 315.0802 0
638 781323.998 371.163852 884334.642 0 63182.706 315.91353 0
639 700587.55 371.163852 844002.359 0 63349.372 316.74686 0
640 615182.097 371.163852 789385.067 0 63516.038 317.58019 0
641 530724.136 371.163852 724718.507 0 63682.704 318.41352 0
642 447793.851 371.163852 653592.026 0 63849.37 319.24685 0
643 378369.337 371.163852 578612.78 0 64016.036 320.08018 0
644 319059.406 371.163852 505446.6 0 64182.702 320.91351 0
645 269466.687 371.163852 436803.105 0 64349.368 321.74684 0
646 228210.287 371.163852 374377.79 0 64516.034 322.58017 0
647 193624.03 371.163852 318862.018 0 64682.7 323.4135 0
648 164323.008 371.163852 270177.647 0 64849.366 324.24683 0
649 139485.324 371.163852 227820.009 0 65016.032 325.08016 0
650 117788.362 371.163852 191180.89 0 65182.698 325.91349 0
651 101505.735 371.163852 159418.897 0 65349.364 326.74682 0
652 89287.3412 371.163852 132709.376 0 65516.03 327.58015 0
653 80740.2543 371.163852 110729.764 0 65682.696 328.41348 0
654 75121.7523 371.163852 93134.5329 0 65849.362 329.24681 0
655 71479.8779 371.163852 79448.5111 0 66016.028 330.08014 0
656 68897.406 371.163852 69040.9029 0 66182.694 330.91347 0
657 66720.5466 371.163852 61187.4222 0 66349.36 331.7468 0
658 64562.8754 371.173761 66541.021 -1.98180151 66516.026 332.58013 0
659 62747.4817 371.382191 39020.3125 0 66642.9878 333.214939 39.7042597
660 61419.2031 372.043754 62649.9885 -1.34220425 66678.6834 333.393417 91.2661543
661 60757.505 373.237867 30598.88 0 66607.8691 333.039345 146.214127
662 60735.4856 374.95451 60787.3311 -0.332563447 66431.5391 332.157695 196.781877
663 61104.6912 377.131488 24176.4274 0 66163.142 330.81571 238.281174
664 61498.1409 379.674555 61237.7815 -0.154539676 65821.3491 329.106746 270.177738
665 61606.8754 382.503839 61233.143 -0.242429128 65422.5553 327.112777 295.282058
666 61285.152 385.573541 61124.424 -0.577200375 64976.1005 324.880502 317.838785
667 60812.8159 388.864569 60436.9162 -0.723902006 64485.8619 322.42931 339.065729
668 60540.2269 392.349323 59832.4956 -0.561782678 63956.8629 319.784314 356.599331
669 60852.6997 395.957243 59741.1695 -0.0127474444 63402.5195 317.012597 364.410104
670 61930.4953 399.551645 60598.5034 0.753594331 62849.5641 314.24782 355.211266
671 63613.7008 402.937357 62399.013 1.42439905 62336.9098 311.684549 324.109066
672 65410.9752 405.901888 64667.0852 1.68031124 61907.5649 309.537825 271.901761
673 66664.8003 408.278308 66605.4915 1.3408482 61595.9256 307.979628 206.403542
674 66813.3106 410.005834 67404.7117 0.457387652 61415.2883 307.076442 140.899737
675 65527.2556 411.16799 66588.4216 -0.798622513 61349.8642 306.749321 91.1903563
676 63217.1752 411.966065 565.549254 0 61357.714 306.78857 67.6259079
677 60481.8955 412.685147 63185.8425 -2.81076483 61383.3744 306.916872 73.3796993
678 58111.5368 413.580374 30965.5368 0 61373.8057 306.869028 102.85498
679 56768.1352 414.820026 58003.7416 -1.40817855 61293.9493 306.469747 143.66739
680 56764.2287 416.449592 18597.4191 0 61136.1105 305.680552 180.83746
681 57972.3504 418.357178 56764.38 0.940828744 60920.3184 304.601592 201.620578
682 59906.7803 420.347292 58628.3672 1.92890017 60686.0919 303.430459 199.271994
683 62018.7319 422.189575 61338.6722 2.32873689 60480.0436 302.400218 173.442225
684 63561.5114 423.694456 63707.3274 1.94618182 60341.4585 301.707293 131.8089
685 64416.488 424.75219 64771.6365 1.41958239 60293.2118 301.466059 83.1037974
686 64709.5541 425.32762 65031.8383 0.999160716 60342.3731 301.711866 34.4008849
687 64796.5951 425.433816 64851.9362 0.917573387 60485.8832 302.429416 -11.2449426
688 65094.7579 425.367186 64849.1766 1.16352669 60663.7941 303.318971 0
689 65832.1641 425.353478 65409.8612 1.57800801 60830.4601 304.152301 0
690 66917.6985 425.335937 66557.7995 1.93033367 60997.1261 304.985631 0
691 68089.5022 425.316146 67984.3693 2.02786895 61163.7921 305.818961 0
692 68811.9925 425.298062 69242.9736 1.58883121 61330.4581 306.652291 0
693 68885.9113 425.285423 69527.2452 0.938919971 61497.1241 307.485621 0
694 68311.7622 425.279349 68965.8462 0.275876001 61663.7901 308.318951 0
695 67366.4963 425.278571 67753.4881 -0.120123499 61830.4561 309.152281 0
696 66484.1043 425.279171 4733.18792 0 61997.1221 309.985611 0
697 66063.0829 425.280539 66334.9122 -0.273634098 62163.7881 310.818941 0
698 66292.2302 425.281908 33697.5469 0 62330.4541 311.652271 0
699 67137.7088 425.276128 65979.3961 1.15588257 62497.1201 312.485601 0
700 89484.539 425.155443 67676.7268 22.9811429 62663.7861 313.318931 0
701 101959.809 424.972301 111297.491 13.6471869 62830.4521 314.152261 0
702 125272.191 424.780586 114244.664 24.6958869 62997.1181 314.985591 0
703 160002.065 424.475226 148372.086 36.3762084 63163.7841 315.818921 0
704 204712.652 424.059786 194467.583 46.7116527 63330.4501 316.652251 0
705 256198.744 423.556869 249174.471 53.8717175 63497.1161 317.485581 0
706 310251.816 423.003641 307526.101 56.7739641 63663.7821 318.318911 0
707 362683.41 422.442852 364275.973 55.3837984 63830.4481 319.152241 0
708 410287.395 421.91263 415219.035 50.6606791 63997.1141 319.985571 0
709 453571.765 421.427626 458102.771 46.3400363 64163.7801 320.818901 0
710 488074.305 421.008549 497116.831 37.4754098 64330.4461 321.652231 0
711 517809.87 420.658478 522908.326 32.5388595 64497.1121 322.485561 0
712 544878.056 420.347175 547850.829 29.7216022 64663.7781 323.318891 0
713 571262.54 420.053919 572215.018 28.9297475 64830.4441 324.152221 0
714 598279.102 419.761728 597875.292 29.5082687 64997.1101 324.985551 0
715 626385.727 419.461218 625492.92 30.593866 65163.7761 325.818881 0
716 655344.721 419.150886 654676.036 31.472413 65330.4421 326.652211 0
717 686249.809 418.826183 684491.074 33.4683485 65497.1081 327.485541 0
718 715337.464 418.500347 717339.818 31.6987705 65663.7741 328.318871 0
719 744198.609 418.184494 744666.898 31.4717642 65830.4401 329.152201 0
720 773095.06 417.869546 773301.246 31.5178459 65997.1061 329.985531 0
721 802438.09 417.552025 802236.913 31.9864662 66163.7721 330.818861 0
722 832480.897 417.228472 832029.123 32.7240003 66330.4381 331.652191 0
723 863105.928 416.898079 862778.783 33.354743 66497.1041 332.485521 0
724 893804.718 416.563931 894001.161 33.4747056 66663.7701 333.318851 0
725 925522.698 416.223847 924795.548 34.5421833 66830.4361 334.152181 0
726 954192.881 415.893574 957539.367 31.5123933 66997.1021 334.985511 0
727 981264.04 415.586726 983226.722 29.8572002 67163.7681 335.818841 0
728 1006736.18 415.296434 1008689.1 28.2012569 67330.4341 336.652171 0
729 1030695.7 415.022303 1032558.21 26.6248224 67497.1001 337.485501 0
730 1052834.95 414.765517 1054997.05 24.7325226 67663.7661 338.318831 0
731 1071969.91 414.533719 1075311.57 21.6270556 67830.4321 339.152161 0
732 1085762.24 414.345026 1091446.64 16.11156 67997.0981 339.985491 0
733 1090791.92 414.229232 1099909.28 7.04727219 68163.7641 340.818821 0
734 1082410.54 414.228294 1096192.85 -6.85973695 68330.4301 341.652151 0
735 1057412.55 414.262593 973582.192 0 68497.0961 342.485481 0
736 1014029.48 414.482853 1057545.61 -44.0521005 68663.7621 343.318811 0
737 951843.933 414.703114 1032438.72 0 68830.4281 344.152141 0
738 872976.969 414.703114 990574.781 0 68997.0941 344.985471 0
739 782769.758 414.703114 945797.43 0 69163.7601 345.818801 0
740 687345.844 414.703114 884778.491 0 69330.4261 346.652131 0
741 592980.568 414.703114 812529.756 0 69497.0921 347.485461 0
742 500322.172 414.703114 733062.173 0 69663.7581 348.318791 0
743 422753.836 414.703114 649289.104 0 69830.4241 349.152121 0
744 356486.572 414.703114 567541.262 0 69997.0901 349.985451 0
745 301076.394 414.703114 490846.287 0 70163.7561 350.818781 0
746 254980.425 414.703114 421098.677 0 70330.4221 351.652111 0
747 216337.037 414.703114 359070.973 0 70497.0881 352.485441 0
748 183598.867 414.703114 304675.918 0 70663.7541 353.318771 0
749 155847.607 414.703114 257349.679 0 70830.4201 354.152101 0
750 131605.489 414.703114 216412.72 0 70997.0861 354.985431 0
751 113412.834 414.703114 180924.964 0 71163.7521 355.818761 0
752 99761.1653 414.703114 151082.335 0 71330.4181 356.652091 0
753 90211.465 414.703114 126524.442 0 71497.0841 357.485421 0
754 83933.8864 414.703114 106865.229 0 71663.7501 358.318751 0
755 79864.803 414.703114 91573.787 0 71830.4161 359.152081 0
756 76979.395 414.703114 79945.3269 0 71997.0821 359.985411 0
757 74547.1798 414.703114 71170.6023 0 72163.7481 360.818741 0
758 72136.4403 414.714396 74389.1581 -2.25638103 72330.4141 361.652071 0
759 70091.1651 414.847094 49110.7761 0 72472.7968 362.363984 24.283354
760 68559.3017 415.294545 69967.1897 -1.4838636 72551.4565 362.757283 63.7229242
761 67745.7907 416.167425 39071.4877 0 72545.0303 362.725152 109.369242
762 67623.894 417.480552 67717.8544 -0.309235194 72449.3802 362.246901 152.94686
763 67919.9198 419.194335 32027.9162 0 72273.5989 361.367995 189.500479
764 68229.9507 421.23511 67976.3285 -0.0798683549 72032.1897 360.160949 218.574701
765 68217.1909 423.545866 67963.3932 -0.204159813 71736.9886 358.684943 243.292462
766 67727.8281 426.107428 67700.1449 -0.591155145 71392.1374 356.960687 268.224719
767 67078.1089 428.927678 66800.3714 -0.762295519 70996.1069 354.980535 294.471749
768 66658.7544 432.002299 66005.0035 -0.5907475 70549.2018 352.746009 319.099354
769 66895.4337 435.276193 65788.2971 0.00534582512 70061.6743 350.308372 335.094147
770 67985.7324 438.617697 66627.7397 0.836954163 69559.1971 347.795986 334.049009
771 69753.38 441.826875 68514.602 1.55970455 69081.631 345.408155 310.183099
772 71660.1588 444.680631 70925.5848 1.82405641 68674.162 343.37081 263.951893
773 72987.6346 447.001534 72987.7019 1.43414655 68373.3892 341.866946 203.48695
774 73122.7209 448.724092 73816.9808 0.44852793 68193.661 340.968305 142.907273
775 71705.7575 449.936624 72894.754 -0.94335679 68118.3153 340.591577 99.1043618
776 69184.3379 450.852151 6717.93111 0 68102.8194 340.514097 83.0576083
777 66210.4679 451.772823 69185.1788 -3.11104292 68088.462 340.44231 97.9657926
778 63645.5117 452.965727 37159.7734 0 68019.6582 340.098291 137.503979
779 62212.1869 454.601176 63594.8383 -1.60935551 67860.8438 339.304219 187.976443
780 62252.412 456.713535 24516.0612 0 67606.6472 338.033236 232.886109
781 63627.0462 459.164262 62328.2898 0.956355864 67282.2115 336.411057 258.215623
782 65803.5811 461.723313 64378.85 2.00964152 66934.1013 334.670507 256.560565
783 68178.4847 464.1218 67393.7577 2.4323361 66616.6281 333.08314 227.578656
784 69928.5554 466.136512 70039.7269 2.00778453 66375.9116 331.879558 179.803881
785 70919.6903 467.633284 71258.0105 1.43128931 66239.7841 331.19892 122.989591
786 71287.2194 468.561773 71592.0167 0.974541132 66218.3464 331.091732 65.1140639
787 71420.8884 468.926817 71437.4787 0.892225229 66310.1368 331.550684 9.76157486
788 71733.0282 468.745523 71425.7489 1.21739126 66510.952 332.55476 -43.9108104
789 72511.7405 468.511426 72064.1495 1.69118804 66721.5288 333.607644 0
790 73707.5182 468.492745 73346.2494 2.04492855 66888.1948 334.440974 0
791 74998.3496 468.471761 74883.7152 2.1520114 67054.8608 335.274304 0
792 75794.2812 468.45266 76270.094 1.66814439 67221.5268 336.107634 0
793 75875.8332 468.439558 76583.2045 0.952146769 67388.1928 336.940964 0
794 75243.5565 468.433689 75964.8561 0.221799528 67554.8588 337.774294 0
795 74202.5016 468.433651 74629.5489 -0.214348237 67721.5248 338.607624 0
796 73230.6332 468.434723 11563.1837 0 67888.1908 339.440954 0
797 72766.9012 468.436313 73083.1204 -0.318040601 68054.8568 340.274284 0
798 73019.3144 468.437903 40594.1738 0 68221.5228 341.107614 0
799 73950.6139 468.431696 72706.6877 1.24156588 68388.1888 341.940944 0
800 98565.2212 468.299225 74574.0441 25.2525686 68554.8548 342.774274 0
801 112306.62 468.098197 122611.118 14.9529662 68721.5208 343.607604 0
802 137984.974 467.887866 125848.927 27.1132237 68888.1868 344.440934 0
803 176239.628 467.552439 163437.061 39.9721979 69054.8528 345.274264 0
804 225488.081 467.095838 214212.816 51.3480522 69221.5188 346.107594 0
805 282199.945 466.542978 274474.678 59.2240415 69388.1848 346.940924 0
806 341739.658 465.934806 338749.074 62.4103296 69554.8508 347.774254 0
807 399493.713 465.318398 401257.097 60.8712206 69721.5168 348.607584 0
808 451930.552 464.735719 457368.227 55.6646098 69888.1828 349.440914 0
809 499609.666 464.202871 504602.401 50.904975 70054.8488 350.274244 0
810 537615.838 463.742634 547575.743 41.142397 70221.5148 351.107574 0
811 570371.343 463.358376 575984.257 35.7091495 70388.1808 351.940904 0
812 600188.831 463.016774 603459.317 32.6112412 70554.8468 352.774234 0
813 629253.315 462.694999 630298.902 31.7438098 70721.5128 353.607564 0
814 659014.142 462.374357 658566.993 32.3845983 70888.1788 354.440894 0
815 689975.811 462.044522 688991.458 33.5824858 71054.8448 355.274224 0
816 721876.52 461.703854 721140.258 34.5510808 71221.5108 356.107554 0
817 755921.057 461.34735 753984.82 36.749765 71388.1768 356.940884 0
818 787963.82 460.989601 790171.257 34.799909 71554.8428 357.774214 0
819 819757.248 460.642853 820274.326 34.5497854 71721.5088 358.607544 0
820 851589.728 460.297099 851817.651 34.6009159 71888.1748 359.440874 0
821 883914.29 459.948507 883693.478 35.1174943 72054.8408 360.274204 0
822 917009.846 459.59327 916513.253 35.930031 72221.5068 361.107534 0
823 950746.918 459.230496 950387.938 36.624608 72388.1728 361.940864 0
824 984565.422 458.863592 984783.401 36.7563398 72554.8388 362.774194 0
825 1019506.8 458.490151 1018707.34 37.9318681 72721.5048 363.607524 0
826 1051091.07 458.127522 1054779.07 34.5939097 72888.1708 364.440854 0
827 1080914.09 457.790696 1083076.74 32.7711559 73054.8368 365.274184 0
828 1108975.85 457.472099 1111126.91 30.94839 73221.5028 366.107514 0
829 1135371.47 457.171289 1137422.58 29.2135585 73388.1688 366.940844 0
830 1159762.05 456.889567 1162143.06 27.1308874 73554.8348 367.774174 0
831 1180843.29 456.635352 1184523.5 23.711973 73721.5008 368.607504 0
832 1196039.31 456.428599 1202299.67 17.6387573 73888.1668 369.440834 0
833 1201582.67 456.302117 1211623.43 7.6575114 74054.8328 370.274164 0
834 1192352.68 456.302111 1207530.12 -7.65629993 74221.4988 371.107494 0
835 1164816.87 456.340393 1079573.79 0 74388.1648 371.940824 0
836 1117027.44 456.583101 1164978.75 -48.5415598 74554.8308 372.774154 0
837 1048525.7 456.825808 1140669.77 0 74721.4968 373.607484 0
838 961647.975 456.825808 1093357.66 0 74888.1628 374.440814 0
839 862278.135 456.825808 1044280.23 0 75054.8288 375.274144 0
840 757161.715 456.825808 977068.03 0 75221.4948 376.107474 0
841 653211.462 456.825808 897483.881 0 75388.1608 376.940804 0
842 551141.462 456.825808 809946.626 0 75554.8268 377.774134 0
843 465694.268 456.825808 717665.878 0 75721.4928 378.607464 0
844 392696.03 456.825808 627615.604 0 75888.1588 379.440794 0
845 331657.667 456.825808 543131.121 0 76054.8248 380.274124 0
846 280879.586 456.825808 466299.461 0 76221.4908 381.107454 0
847 238311.068 456.825808 397971.699 0 76388.1568 381.940784 0
848 202247.58 456.825808 338051.764 0 76554.8228 382.774114 0
849 171677.536 456.825808 285918.583 0 76721.4888 383.607444 0
850 144973.071 456.825808 240823.618 0 76888.1548 384.440774 0
851 124932.531 456.825808 201731.319 0 77054.8208 385.274104 0
852 109894.22 456.825808 168857.522 0 77221.4868 386.107434 0
853 99374.5262 456.825808 141805.234 0 77388.1528 386.940764 0
854 92459.3143 456.825808 120149.191 0 77554.8188 387.774094 0
855 87976.9213 456.825808 103304.562 0 77721.4848 388.607424 0
856 84798.4334 456.825808 90494.9707 0 77888.1508 389.440754 0
857 82119.1704 456.825808 80828.9755 0 78054.8168 390.274084 0
858 79463.5966 456.83842 81982.2311 -2.52230216 78221.4828 391.107414 0
859 77188.0085 456.851031 58890.6369 0 78388.1488 391.940744 0
860 75446.9004 457.01583 77026.1998 -1.60851729 78523.4636 392.617318 31.3512035
861 74480.3953 457.538602 47275.4687 0 78587.1838 392.935919 71.5946056
862 74261.3281 458.457187 74396.0628 -0.286021079 78570.4188 392.852094 111.836437
863 74491.1999 459.751559 39615.7171 0 78478.4964 392.392482 146.751911
864 74729.9847 461.364738 74482.7473 -0.016946223 78322.5435 391.612718 175.866989
865 74613.2659 463.25772 74465.9273 -0.180386641 78110.8105 390.554052 202.532062
866 73978.3374 465.432305 74065.8723 -0.621031367 77843.361 389.216805 231.583456
867 73174.8888 467.913238 14848.5424 0 77514.4613 387.572307 263.982186
868 72633.0465 470.720513 73428.0948 -1.23012553 77120.9025 385.604513 296.242624
869 72817.485 473.809884 38697.7452 0 76670.9243 383.354622 320.401571
870 73941.908 477.044643 73009.4741 0.427741395 76190.2108 380.951054 326.977936
871 75814.1922 480.216838 74260.8379 1.47342194 75720.5366 378.602683 309.362265
872 77849.0844 483.085449 76958.3761 1.89218108 75310.1149 376.550574 267.725482
873 79267.2396 485.460008 79253.4275 1.50733233 74998.4695 374.992348 210.585861
874 79403.7356 487.268098 80171.4398 0.434140513 74801.576 374.00788 152.973615
875 77867.6504 488.601041 79170.9085 -1.09128596 74702.3107 373.511553 112.957752
876 75142.9433 489.682472 12452.5052 0 74653.7818 373.268909 102.237161
877 71934.7683 490.83135 75180.7445 -3.4157137 74594.0878 372.970439 124.122759
878 69176.1358 492.327233 43365.6443 0 74464.9929 372.324965 171.638158
879 67650.9485 494.343669 69180.0044 -1.8078713 74230.1795 371.150898 229.841216
880 67730.8216 496.905775 30376.4679 0 73886.2323 369.431162 280.771998
881 69265.0207 499.850677 67875.7408 0.978406496 73462.9395 367.314698 309.18683
882 71674.3279 502.916523 70110.3698 2.09866798 73013.3592 365.066796 307.059441
883 74300.7758 505.799006 73420.6079 2.54559638 72598.8844 362.994422 274.081443
884 76245.491 508.244551 76332.7189 2.08019402 72271.8155 361.359078 219.65338
885 77359.7262 510.097867 77692.9254 1.45460177 72064.2835 360.321417 154.544684
886 77788.918 511.296605 78088.468 0.961882015 71988.7854 359.943927 87.6193867
887 77956.9208 511.840325 77947.2789 0.878525753 72044.8671 360.224335 22.9649541
888 78313.1321 511.743767 77956.2481 1.24028819 72228.7259 361.143629 -40.1577848
889 79169.4275 511.527942 78666.0612 1.76697213 72435.5497 362.177748 0
890 80475.1162 511.508311 80075.4432 2.15916169 72602.2157 363.011078 0
891 81884.5856 511.486135 81760.3272 2.27591293 72768.8817 363.844408 0
892 82753.7178 511.466019 83274.156 1.74742077 72935.5477 364.677738 0
893 82842.8778 511.452454 83616.0966 0.96552482 73102.2137 365.511068 0
894 82152.6634 511.446786 82941.0071 0.168044791 73268.8797 366.344398 0
895 81016.133 511.447487 81483.1443 -0.308160518 73435.5457 367.177728 0
896 79955.0808 511.449028 18363.8868 0 73602.2117 368.011058 0
897 79448.778 511.450839 79809.243 -0.362302794 73768.8777 368.844388 0
898 79724.381 511.452651 47467.1321 0 73935.5437 369.677718 0
899 80741.2206 511.446016 79411.9503 1.32697948 74102.2097 370.511048 0
900 107616.182 511.301798 81448.7837 27.5165733 74268.8757 371.344378 0
901 122619.567 511.082945 133888.198 16.2540082 74435.5417 372.177708 0
902 150656.151 510.854067 137415.743 29.5216651 74602.2077 373.011038 0
903 192424.054 510.488684 178453.355 43.5548321 74768.8737 373.844368 0
904 246195.534 509.991076 233894.298 55.9668611 74935.5397 374.677698 0
905 308116.086 509.388464 299693.054 64.5555322 75102.2057 375.511028 0
906 373124.52 508.725565 369870.696 68.024211 75268.8717 376.344358 0
907 436183.665 508.053763 438117.797 66.3362064 75435.5377 377.177688 0
908 493437.601 507.418844 499379.877 60.6475118 75602.2037 378.011018 0
909 545497.146 506.838355 550950.105 55.4503636 75768.8697 378.844348 0
910 586995.555 506.337139 597869.737 44.7929174 75935.5357 379.677678 0
911 622761.189 505.918849 628886.606 38.8649125 76102.2017 380.511008 0
912 655319.055 505.547087 658885.963 35.4876257 76268.8677 381.344338 0
913 687054.839 505.196923 688192.969 34.5451632 76435.5337 382.177668 0
914 719551.025 504.847956 719060.508 35.2482202 76602.1997 383.010998 0
915 753358.471 504.488924 752282.798 36.5581371 76768.8657 383.844328 0
916 788191.351 504.118051 787387.737 37.6165143 76935.5317 384.677658 0
917 825365.151 503.729882 823252.034 40.0172747 77102.1977 385.510988 0
918 860353.443 503.340357 862765.39 37.8876662 77268.8637 386.344318 0
919 895069.654 502.962846 895635.389 37.6145055 77435.5297 387.177648 0
920 929828.656 502.58642 930078.24 37.670704 77602.1957 388.010978 0
921 965125.097 502.206891 964884.723 38.2351077 77768.8617 388.844308 0
922 1001263.52 501.820104 1000722.29 39.1223998 77935.5277 389.677638 0
923 1038102.57 501.425089 1037711.92 39.8805758 78102.1937 390.510968 0
924 1075030.7 501.025566 1075270.22 40.0240004 78268.8597 391.344298 0
925 1113185.05 500.61891 1112313.57 41.3072011 78435.5257 392.177628 0
926 1147674 500.224064 1151702.48 37.6620354 78602.1917 393.010958 0
927 1180240.01 499.857392 1182601.96 35.6723215 78768.8577 393.844288 0
928 1210883.04 499.510613 1213231.53 33.6833869 78935.5237 394.677618 0
929 1239706.92 499.183243 1241945.93 31.7907985 79102.1897 395.510948 0
930 1266341.58 498.876696 1268940.7 29.5185025 79268.8557 396.344278 0
931 1289362.85 498.600167 1293380.4 25.7873005 79435.5217 397.177608 0
932 1305958.08 498.375439 1312792.37 19.1583695 79602.1877 398.010938 0
933 1312013.51 498.23833 1322974.39 8.26345672 79768.8537 398.844268 0
934 1301937.72 498.239273 1318505.27 -8.45206382 79935.5197 399.677598 0
935 1271872.37 498.281533 1185297.75 0 80102.1857 400.510928 0
936 1219690.9 498.546615 1272063.04 -53.0165146 80268.8517 401.344258 0
937 1144893.47 498.811698 1248553.59 0 80435.5177 402.177588 0
938 1050031 498.811698 1195805.06 0 80602.1837 403.010918 0
939 941528.287 498.811698 1142442.88 0 80768.8497 403.844248 0
940 826750.84 498.811698 1069057.63 0 80935.5157 404.677578 0
941 713246.74 498.811698 982161.96 0 81102.1817 405.510908 0
942 601795.704 498.811698 886581.286 0 81268.8477 406.344238 0
943 508495.239 498.811698 785820.519 0 81435.5137 407.177568 0
944 428787.888 498.811698 687494.797 0 81602.1797 408.010898 0
945 362139.619 498.811698 595246.119 0 81768.8457 408.844228 0
946 306694.632 498.811698 511353.424 0 81935.5117 409.677558 0
947 260213.732 498.811698 436746.072 0 82102.1777 410.510888 0
948 220835.725 498.811698 371319.205 0 82268.8437 411.344218 0
949 187456.054 498.811698 314394.696 0 82435.5097 412.177548 0
950 158297.238 498.811698 265155.231 0 82602.1757 413.010878 0
951 136414.814 498.811698 222470.098 0 82768.8417 413.844208 0
952 119994.364 498.811698 186574.977 0 82935.5077 414.677538 0
953 108507.828 498.811698 157036.396 0 83102.1737 415.510868 0
954 100957.053 498.811698 133390.009 0 83268.8397 416.344198 0
955 96062.6933 498.811698 114997.237 0 83435.5057 417.177528 0
956 92592.0773 498.811698 101010.351 0 83602.1717 418.010858 0
957 89666.569 498.811698 90455.9801 0 83768.8377 418.844188 0
958 86764.5316 498.811698 82391.6728 0 83935.5037 419.677518 0
959 84279.5017 498.823302 86596.544 -2.32080691 84102.1697 420.510848 0
960 82350.6431 498.834906 60217.6048 0 84268.8357 421.344178 0
961 81229.9192 499.001428 82178.2624 -0.977578266 84403.1748 422.015874 32.3268978
962 80909.9205 499.502709 51098.6138 0 84470.5623 422.352812 66.951562
963 81065.5881 500.327966 80795.3656 0.133851441 84472.0431 422.360215 98.2336942
964 81222.1258 501.445637 80861.3772 0.30789622 84414.733 422.073665 125.742377
965 80988.1924 502.838267 81065.4544 -0.00128482439 84302.5664 421.512832 153.090243
966 80192.8483 504.530698 23041.3846 0 84130.7476 420.653738 185.394508
967 79222.1611 506.582224 80331.7899 -1.43238817 83888.5407 419.442703 223.478406
968 78543.2132 509.023143 45558.3147 0 83568.4554 417.842277 263.272922
969 78659.2305 511.82104 78675.974 -0.449904506 83175.9919 415.879959 295.856564
970 79802.6514 514.855897 36893.3985 0 82736.1364 413.680682 310.664921
971 81764.0239 517.903837 79989.3922 1.29028135 82291.924 411.45962 300.213475
972 83912.4146 520.710896 82885.2319 1.85740191 81894.0306 409.470153 264.345921
973 85409.1502 523.075194 85340.0495 1.53018528 81584.4493 407.922247 211.90135
974 85539.1654 524.91871 86351.3424 0.406829651 81380.4752 406.902376 158.738812
975 83881.5146 526.336613 85287.9589 -1.23534933 81264.3891 406.321946 124.013254
976 80955.8275 527.563175 18046.7597 0 81186.9781 405.93489 120.063778
977 77518.8801 528.93333 81028.6697 -3.7119268 81083.3249 405.416625 150.255394
978 74573.1475 530.737818 49382.5863 0 80892.8053 404.464027 206.930193
979 72961.8646 533.151961 74634.0468 -2.00539481 80578.6481 402.89324 273.893062
980 73085.4762 536.190087 36119.109 0 80139.6943 400.698471 331.726746
981 74781.952 539.663584 73304.0269 0.993807443 79610.6671 398.053335 363.966446
982 77426.447 543.277358 75719.8725 2.17857469 79051.4059 395.257029 361.960757
983 80307.5959 546.690148 79326.3929 2.64853359 78530.6867 392.653433 325.424454
984 82451.9773 549.616346 82507.3353 2.14274005 78107.3218 390.536609 264.606368
985 83695.9189 551.877726 84015.302 1.46893994 77818.1003 389.090501 191.281212
986 84194.257 553.398079 84479.8441 0.941155519 77678.2855 388.391428 115.199531
987 84404.0181 554.169914 84360.0472 0.857330539 77688.7861 388.44393 40.9658865
988 84810.9065 554.204022 84397.1514 1.25593082 77846.5172 389.232586 -32.0309819
989 85747.2432 554.028394 85181.5899 1.83862379 78045.2142 390.226071 0
990 87161.5267 554.00784 86720.4865 2.27222281 78211.8802 391.059401 0
991 88688.2106 553.984486 88554.4748 2.39849359 78378.5462 391.892731 0
992 89629.6651 553.963365 90194.2399 1.82586374 78545.2122 392.726061 0
993 89726.3416 553.949341 90564.6607 0.978816538 78711.8782 393.559391 0
994 88978.8844 553.943872 89833.4939 0.114982495 78878.5442 394.392721 0
995 87748.0237 553.945301 88254.5313 -0.400811914 79045.2102 395.226051 0
996 86598.8577 553.947305 25080.3859 0 79211.8762 396.059381 0
997 86050.4948 553.949336 86454.6739 -0.40603319 79378.5422 396.892711 0
998 86349.0094 553.951366 54257.0879 0 79545.2082 397.726041 0
999 87450.3628 553.944309 86036.7679 1.41137273 79711.8742 398.559371 0
1000 116558.563 553.788485 88241.0486 29.7534228 79878.5402 399.392701 0
