50 1
0 50 
0 0 -2 0.1 0
0 0 -1.790084 0.1 0
0 0 -1.580168 0.1 0
0 0 -1.370252 0.1 0
0 0 -1.160336 0.1 0
0 -0.001369 -0.95042 0.098631 0
0 -0.006005 -0.740504 0.093995 0
0 -0.013205 -0.530588 0.086795 0
0 -0.021841 -0.320672 0.078159 0
0 -0.030559 -0.110756 0.069441 0
0 -0.037993 0.09916 0.062007 0
0 -0.042977 0.309076 0.057023 0
0 -0.04473 0.518992 0.05527 0
0 -0.033878 0.721181 0.066122 0
0 -0.011853 0.923371 0.088147 0
0 -3e-05 1.12556 0.09997 0
0 0 1.32775 0.1 0
0 0 1.529939 0.1 0
0 0 1.732128 0.1 0
0 0 1.934318 0.1 0
0 0 2.136507 0.1 0
0 0 2.338697 0.1 0
0 0 2.540886 0.1 0
0 0 2.743075 0.1 0
0 0 2.945265 0.1 0
0 0 3.147454 0.1 0
0 0 3.349644 0.1 0
0 0 3.551833 0.1 0
0 0 3.754023 0.1 0
0 0 3.956212 0.1 0
0 0 4.158401 0.1 0
0 0 4.360591 0.1 0
0 0 4.56278 0.1 0
0 0 4.76497 0.1 0
0 0 4.967159 0.1 0
0 0 5.169348 0.1 0
0 0 5.371538 0.1 0
0 0 5.573727 0.1 0
0 0 5.775917 0.1 0
0 0 5.978106 0.1 0
0 0 6.180295 0.1 0
0 0 6.382485 0.1 0
0 0 6.584674 0.1 0
0 0 6.786864 0.1 0
0 0 6.989053 0.1 0
0 0 7.191242 0.1 0
0 0 7.393432 0.1 0
0 0 7.595621 0.1 0
0 0 7.797811 0.1 0
0 0 8 0.1 0
point double normal 50 3
0 0 1
0 0 1
0 0 1
0 0 1
0 -0.0065215176 0.999978735
0 -0.0220796405 0.999756215
0 -0.034279276 0.999412293
0 -0.0411054944 0.999154812
0 -0.0414951278 0.999138706
0 -0.035391979 0.999373508
0 -0.0237361411 0.999718258
0 -0.00835066825 0.999965133
0 0.0535954121 0.998562733
0 0.108291581 0.994119175
0 0.0583752744 0.99829471
0 0.000148375289 0.999999989
0 0 1
0 0 1
0 0 1
0 0 1
0 0 1
0 0 1
0 0 1
0 0 1
0 0 1
0 0 1
0 0 1
0 0 1
0 0 1
0 0 1
0 0 1
0 0 1
0 0 1
0 0 1
0 0 1
0 0 1
0 0 1
0 0 1
0 0 1
0 0 1
0 0 1
0 0 1
0 0 1
0 0 1
0 0 1
0 0 1
0 0 1
0 0 1
0 0 1
0 0 1
point double flow 50 1
0.001 
0.001 
0.001 
0.001 
0.001 
0.001 
0.001 
0.001 
0.001 
0.001 
0.001 
0.001 
0.001 
0.001 
0.001 
0.001 
0.001 
0.001 
0.001 
0.001 
0.001 
0.001 
0.001 
0.001 
0.001 
0.001 
0.001 
0.001 
0.001 
0.001 
0.001 
0.001 
0.001 
0.001 
0.001 
0.001 
0.001 
0.001 
0.001 
0.001 
0.001 
0.001 
0.001 
0.001 
0.001 
0.001 
0.001 
0.001 
0.001 
0.001 
point double flow_acceleration 50 1
0 
0 
0 
0 
0 
0 
0 
0 
0 
0 
0 
0 
0 
0 
0 
0 
0 
0 
0 
0 
0 
0 
0 
0 
0 
0 
0 
0 
0 
0 
0 
0 
0 
0 
0 
0 
0 
0 
0 
0 
0 
0 
0 
0 
0 
0 
0 
0 
0 
0 
point double pressure 50 1
0 
0 
0 
0 
0 
0 
0 
0 
0 
0 
0 
0 
0 
0 
0 
0 
0 
0 
0 
0 
0 
0 
0 
0 
0 
0 
0 
0 
0 
0 
0 
0 
0 
0 
0 
0 
0 
0 
0 
0 
0 
0 
0 
0 
0 
0 
0 
0 
0 
0 
point double segment_resistance 50 3
0 0 0 
123.015869 240.663147 5.97523634 
107.805358 272.779984 6.66379728 
96.6997099 280.515256 7.2465361 
126.629699 247.220169 5.61649232 
149.775375 334.169249 5.90127981 
187.829512 522.364691 7.37886781 
264.682398 830.544959 8.96075152 
401.247802 1350.62283 9.93020007 
656.485772 2102.73244 12.1365706 
1065.0885 2992.67002 14.9143293 
1545.30019 3619.25759 16.6878226 
1849.25803 2939.44561 17.6998463 
879.89601 -752.622807 11.1094908 
-108.386631 -782.611385 3.43937379 
-113.401427 -318.161711 3.35258044 
203.982465 -636.376217 5.86543078 
173.334716 -275.958533 9.88562285 
303.632232 -302.30938 5.14308224 
181.458533 35.4578014 3.97597857 
116.464941 210.302622 4.22799458 
86.4382797 290.954117 3.90162559 
89.7315824 282.121222 4.76431692 
93.0219187 274.843315 4.91359608 
98.2777359 262.645901 5.09748161 
99.0303963 261.508981 5.72479204 
90.5955808 287.547901 6.48166033 
80.3664534 317.156327 6.16887238 
86.0840452 304.668034 5.88107575 
91.4815029 292.846966 6.14980746 
94.0937777 288.380228 6.10113914 
101.455072 270.840773 5.88842224 
98.4353887 282.107559 5.85568917 
97.1749642 288.050788 6.54474578 
98.0086443 288.196318 5.87446601 
102.882216 278.395287 5.67099347 
91.7809955 311.23008 4.75093571 
92.6051737 311.343811 4.83754995 
89.2292505 322.645174 4.76475022 
92.4226542 317.743295 4.39019821 
97.3663463 305.590523 4.32010659 
93.5393587 318.101677 3.50689029 
98.1710176 307.418445 3.85172427 
97.5546745 311.328078 4.53897179 
101.808496 300.692951 4.18954065 
118.019743 258.668203 4.56386932 
122.412476 247.631011 5.7405227 
109.176388 283.828281 7.60627136 
106.320427 291.730708 6.81366835 
109.315326 275.422509 7.05106916 
segment_point double flow 50 1
0.001 
0.001 
0.001 
0.001 
0.001 
0.001 
0.001 
0.001 
0.001 
0.001 
0.001 
0.001 
0.001 
0.001 
0.001 
0.001 
0.001 
0.001 
0.001 
0.001 
0.001 
0.001 
0.001 
0.001 
0.001 
0.001 
0.001 
0.001 
0.001 
0.001 
0.001 
0.001 
0.001 
0.001 
0.001 
0.001 
0.001 
0.001 
0.001 
0.001 
0.001 
0.001 
0.001 
0.001 
0.001 
0.001 
0.001 
0.001 
0.001 
0.001 
segment_point double flow_acceleration 50 1
0 
0 
0 
0 
0 
0 
0 
0 
0 
0 
0 
0 
0 
0 
0 
0 
0 
0 
0 
0 
0 
0 
0 
0 
0 
0 
0 
0 
0 
0 
0 
0 
0 
0 
0 
0 
0 
0 
0 
0 
0 
0 
0 
0 
0 
0 
0 
0 
0 
0 
segment_point double pressure 50 1
0 
0 
0 
0 
0 
0 
0 
0 
0 
0 
0 
0 
0 
0 
0 
0 
0 
0 
0 
0 
0 
0 
0 
0 
0 
0 
0 
0 
0 
0 
0 
0 
0 
0 
0 
0 
0 
0 
0 
0 
0 
0 
0 
0 
0 
0 
0 
0 
0 
0 
segment_point double segment_resistance 50 3
0 0 0 
123.015869 240.663147 5.97523634 
107.805358 272.779984 6.66379728 
96.6997099 280.515256 7.2465361 
126.629699 247.220169 5.61649232 
149.775375 334.169249 5.90127981 
187.829512 522.364691 7.37886781 
264.682398 830.544959 8.96075152 
401.247802 1350.62283 9.93020007 
656.485772 2102.73244 12.1365706 
1065.0885 2992.67002 14.9143293 
1545.30019 3619.25759 16.6878226 
1849.25803 2939.44561 17.6998463 
879.89601 -752.622807 11.1094908 
-108.386631 -782.611385 3.43937379 
-113.401427 -318.161711 3.35258044 
203.982465 -636.376217 5.86543078 
173.334716 -275.958533 9.88562285 
303.632232 -302.30938 5.14308224 
181.458533 35.4578014 3.97597857 
116.464941 210.302622 4.22799458 
86.4382797 290.954117 3.90162559 
89.7315824 282.121222 4.76431692 
93.0219187 274.843315 4.91359608 
98.2777359 262.645901 5.09748161 
99.0303963 261.508981 5.72479204 
90.5955808 287.547901 6.48166033 
80.3664534 317.156327 6.16887238 
86.0840452 304.668034 5.88107575 
91.4815029 292.846966 6.14980746 
94.0937777 288.380228 6.10113914 
101.455072 270.840773 5.88842224 
98.4353887 282.107559 5.85568917 
97.1749642 288.050788 6.54474578 
98.0086443 288.196318 5.87446601 
102.882216 278.395287 5.67099347 
91.7809955 311.23008 4.75093571 
92.6051737 311.343811 4.83754995 
89.2292505 322.645174 4.76475022 
92.4226542 317.743295 4.39019821 
97.3663463 305.590523 4.32010659 
93.5393587 318.101677 3.50689029 
98.1710176 307.418445 3.85172427 
97.5546745 311.328078 4.53897179 
101.808496 300.692951 4.18954065 
118.019743 258.668203 4.56386932 
122.412476 247.631011 5.7405227 
109.176388 283.828281 7.60627136 
106.320427 291.730708 6.81366835 
109.315326 275.422509 7.05106916 