158 25
0 2 
-16.4640045 19.5967388 -14.449976 1.14366763 0
-15.7802248 19.5213528 -13.5363359 1.14366763 0
1 2 0 
-15.7802248 19.5213528 -13.5363359 1.14366763 0
-15.3907957 19.3788033 -12.4705029 1.14366763 0
9 11 0 
-15.7802248 19.5213528 -13.5363359 1.14366763 0
-15.989356 19.9469795 -13.3971443 0.850836974 0
-16.0337505 20.3732491 -13.3290157 0.472036303 0
-16.045166 20.7916145 -13.2758083 0.226949166 0
-15.9222202 21.2094536 -13.3130484 0.185968608 0
-15.6869411 21.5544071 -13.3760462 0.177981169 0
-15.3860617 21.8262138 -13.4279833 0.172682782 0
-15.084898 22.07864 -13.5777063 0.171007327 0
-14.8456125 22.2909832 -13.8273134 0.157503101 0
-14.6085348 22.4816055 -14.0957537 0.155183546 0
-14.3362074 22.696888 -14.3257208 0.170059777 0
point double flow 158 1
0.001 
0.001 
0.001 
0.001 
0.001 
0.001 
0.001 
0.001 
0.001 
0.001 
0.001 
0.001 
0.001 
0.001 
0.001 
0.001 
0.001 
0.001 
0.001 
0.001 
0.001 
0.001 
0.001 
0.001 
0.001 
0.001 
0.001 
0.001 
0.001 
0.001 
0.001 
0.001 
0.001 
0.001 
0.001 
0.001 
0.001 
0.001 
0.001 
0.001 
0.001 
0.001 
0.001 
0.001 
0.001 
0.001 
0.001 
0.001 
0.001 
0.001 
0.001 
0.001 
0.001 
0.001 
0.001 
0.001 
0.001 
0.001 
0.001 
0.001 
0.001 
0.001 
0.001 
0.001 
0.001 
0.001 
0.001 
0.001 
0.001 
0.001 
0.001 
0.001 
0.001 
0.001 
0.001 
0.001 
0.001 
0.001 
0.001 
0.001 
0.001 
0.001 
0.001 
0.001 
0.001 
0.001 
0.001 
0.001 
0.001 
0.001 
0.001 
0.001 
0.001 
0.001 
0.001 
0.001 
0.001 
0.001 
0.001 
0.001 
0.001 
0.001 
0.001 
0.001 
0.001 
0.001 
0.001 
0.001 
0.001 
0.001 
0.001 
0.001 
0.001 
0.001 
0.001 
0.001 
0.001 
0.001 
0.001 
0.001 
0.001 
0.001 
0.001 
0.001 
0.001 
0.001 
0.001 
0.001 
0.001 
0.001 
0.001 
0.001 
0.001 
0.001 
0.001 
0.001 
0.001 
0.001 
0.001 
0.001 
0.001 
0.001 
0.001 
0.001 
0.001 
0.001 
0.001 
0.001 
0.001 
0.001 
0.001 
0.001 
0.001 
0.001 
0.001 
0.001 
0.001 
0.001 
point double flow_acceleration 158 1
0 
0 
0 
0 
0 
0 
0 
0 
0 
0 
0 
0 
0 
0 
0 
0 
0 
0 
0 
0 
0 
0 
0 
0 
0 
0 
0 
0 
0 
0 
0 
0 
0 
0 
0 
0 
0 
0 
0 
0 
0 
0 
0 
0 
0 
0 
0 
0 
0 
0 
0 
0 
0 
0 
0 
0 
0 
0 
0 
0 
0 
0 
0 
0 
0 
0 
0 
0 
0 
0 
0 
0 
0 
0 
0 
0 
0 
0 
0 
0 
0 
0 
0 
0 
0 
0 
0 
0 
0 
0 
0 
0 
0 
0 
0 
0 
0 
0 
0 
0 
0 
0 
0 
0 
0 
0 
0 
0 
0 
0 
0 
0 
0 
0 
0 
0 
0 
0 
0 
0 
0 
0 
0 
0 
0 
0 
0 
0 
0 
0 
0 
0 
0 
0 
0 
0 
0 
0 
0 
0 
0 
0 
0 
0 
0 
0 
0 
0 
0 
0 
0 
0 
0 
0 
0 
0 
0 
0 
point double pressure 158 1
0 
0 
0 
0 
0 
0 
0 
0 
0 
0 
0 
0 
0 
0 
0 
0 
0 
0 
0 
0 
0 
0 
0 
0 
0 
0 
0 
0 
0 
0 
0 
0 
0 
0 
0 
0 
0 
0 
0 
0 
0 
0 
0 
0 
0 
0 
0 
0 
0 
0 
0 
0 
0 
0 
0 
0 
0 
0 
0 
0 
0 
0 
0 
0 
0 
0 
0 
0 
0 
0 
0 
0 
0 
0 
0 
0 
0 
0 
0 
0 
0 
0 
0 
0 
0 
0 
0 
0 
0 
0 
0 
0 
0 
0 
0 
0 
0 
0 
0 
0 
0 
0 
0 
0 
0 
0 
0 
0 
0 
0 
0 
0 
0 
0 
0 
0 
0 
0 
0 
0 
0 
0 
0 
0 
0 
0 
0 
0 
0 
0 
0 
0 
0 
0 
0 
0 
0 
0 
0 
0 
0 
0 
0 
0 
0 
0 
0 
0 
0 
0 
0 
0 
0 
0 
0 
0 
0 
0 
point double segment_resistance 158 3
0 0 0 
0.00229241739 0.00892972397 0.219767263 
0.170139448 0.00818034062 0.239486676 
-4.97040417 2.77392298 -0.311534336 
-3.07401695 1.40882719 -0.660881759 
4.19823676 -1.70111382 -0.61573312 
6.26870887 10.6856987 0.765545894 
764.682254 2706.93681 34.3603479 
-44.9653946 -74.6200916 -7.52493178 
9.99109451 -186.568042 78.212676 
291.227464 -448.337234 -1.33360227 
155.9118 -142.369547 22.9338989 
296.433592 522.593764 24.2330437 
353.04633 405.265444 -5.05303486 
-35.4017524 -54.837109 1.30282248 
-2.35634375 -74.9655694 17.2977893 
279.380575 -554.002409 78.0503253 
235.620845 -213.933949 89.3233865 
243.639373 68.4805725 51.703941 
13258.4248 47575.4578 83.7713056 
-1391.08495 -8589.10527 2.87503373 
-590.034059 45.9896403 7.02130388 
4.43088767 -2736.7309 93.5242074 
-298.692518 -812.801593 -80.9359016 
441.654204 -1643.23582 17.9988776 
293.339291 -628.673631 23.9636822 
245.794483 -389.237112 24.9605039 
180.978673 -148.935491 23.0147252 
163.148767 37.076805 11.8174611 
228.162162 136.420698 18.1335383 
283.243516 258.665617 13.2895001 
254.230636 46.9696527 13.0565933 
212.545234 -105.540914 19.9719588 
187.109237 -6.39646566 9.62160705 
232.987616 82.5258171 15.0374179 
276.020636 117.909411 17.0412408 
492.065159 60.4112569 13.1584519 
-9.65302706 -107.018114 28.9216581 
-43.713152 16.0504319 -41.6982248 
-277.750856 -10.6130752 39.3099117 
-94.9789835 -37.8330731 0.437562982 
14.9572078 -75.9643435 -107.326572 
110.216828 -89.1516147 -29.0109409 
-266.29861 475.984009 -174.271183 
105.757194 347.937401 -1.80501208 
199.486478 -138.976354 12.2206397 
50.7431342 -11.9586846 -11.5779251 
55.5761578 44.1487748 -13.5156384 
81.2547792 45.4475448 -10.8121418 
97.3092422 29.0301277 -5.82660657 
146.613545 150.299272 -4.03639749 
260.988481 298.1357 9.0729455 
269.131433 55.765931 29.2396137 
295.992532 184.872418 44.8962534 
513.159277 257.164703 78.0510746 
260.88811 -55.7277435 46.2256438 
439.111165 534.257384 33.9160083 
424.18674 543.175453 20.2226076 
571.854215 548.83295 23.6856567 
455.121115 436.316433 18.7745888 
991.488938 644.537057 27.8530548 
-0.228940783 1.2065982 -0.679967501 
-0.575299171 -1.49229031 -0.769595202 
10.5603966 0.0650696112 -0.518099637 
43.3742771 60.3508211 1.71776043 
50.1900608 10.2424977 -0.160283514 
45.069548 18.3665426 0.819521434 
52.1512075 11.7464757 1.3998091 
58.3777769 21.4217767 4.27241469 
58.1463291 16.4936088 5.85226389 
44.4539518 -2.87495579 5.53638842 
-0.198685802 -40.4379904 2.69526839 
70.0200215 28.9764206 12.779065 
109.96201 28.0211648 15.1198105 
270.155092 164.686083 19.9333715 
102.55404 102.935895 -11.8731055 
313.479731 -241.996666 -13.8400393 
590.517143 1073.02445 -5.7560125 
823.143373 474.784888 8.37897254 
96.2876426 -32.1182245 10.4558178 
431.362028 91.7617322 44.8522433 
698.676373 734.168909 53.6330087 
703.417283 409.869166 32.6911425 
912.182635 571.504401 23.2185071 
792.26658 135.644462 12.3122218 
540.261096 -2.28848064 20.4688989 
620.539265 134.206387 39.1450806 
629.639263 119.761071 30.3849611 
167.62278 -1677.96899 -73.8615312 
1730.36549 2934.93617 109.966919 
-123.484428 70.1343844 -66.3365896 
181.854796 -154.712946 75.8385035 
185.720367 -127.921836 50.4288672 
53.4137596 -27.1799321 18.3998773 
28.585467 -4.54496962 9.54014715 
17.0537099 10.4833345 0.631666942 
24.9107659 13.6294769 2.69847373 
38.4524235 24.8249801 4.54702296 
60.0663091 38.6321141 6.30925456 
60.9689303 14.3352382 7.78174516 
21.7320003 -5.86426543 5.29458407 
18.4245985 2.07782475 5.11822653 
19.7308802 -21.6434247 7.62229909 
44.224676 23.6212946 6.83469116 
37.8006688 -2.94903814 6.6712502 
23.0846469 -2.32599783 5.01748924 
28.2348467 8.79278795 5.52038594 
57.6847198 27.6725498 10.0818954 
117.104906 140.062168 18.6509307 
574.357521 1012.2705 33.4839736 
812.223043 662.342904 35.3202941 
306.366937 -224.378671 17.9468061 
867.606281 788.286315 36.1111716 
1048.42194 284.893986 25.6384998 
378.699613 476.716191 46.7504683 
898.502846 813.090087 78.1189999 
791.130279 274.545132 58.046403 
752.126445 480.958487 21.4041314 
864.225201 359.329633 3.20045442 
609.833209 458.34056 5.42926724 
782.055044 515.219031 25.4971925 
984.360022 893.006246 26.8774441 
37.5581541 -67.8593247 1.51469974 
44.8375904 -142.361986 8.86513856 
380.15577 9.17939193 20.811093 
53.9939131 -45.2996124 11.6326694 
83.3012441 -2.59925644 12.374897 
123.037961 70.8756826 14.7348246 
125.440734 36.9687477 15.3848225 
92.0952873 -0.417726543 12.3863835 
67.7244574 -0.305283792 7.30409646 
106.23969 -0.952246198 6.18365295 
234.764623 380.109066 14.6374607 
845.465378 765.332317 39.2044208 
784.722873 415.099124 37.2659649 
626.343736 79.6088008 10.856779 
302.305909 -15.7916616 -2.04555208 
1544.97398 1291.19983 14.0117875 
-213.220545 169.019114 -44.6781699 
-165.086387 630.141602 -143.980747 
153.720271 114.721322 -25.6540776 
222.432398 301.361045 -7.00190686 
422.436993 444.636946 37.3570657 
682.572089 381.467345 90.2229813 
770.487907 395.024369 87.7511716 
909.434733 545.893718 78.7579113 
1188.66668 781.122167 53.4345656 
1364.41579 637.652574 21.317627 
1310.55057 236.8828 1.89456303 
1018.36589 6.37010288 25.3621475 
999.830698 -255.777927 33.8510093 
36.4334126 -3687.25898 153.282952 
1274.74296 -2673.47949 45.5537227 
672.0681 397.040854 63.2769297 
711.042891 391.825928 32.6444088 
492.942903 -123.544019 4.27551329 
696.738501 577.832438 -12.1372983 
1299.91216 126.237687 4.47005956 
segment_point double flow 182 1
0.001 
0.001 
0.001 
0.001 
0.001 
0.001 
0.001 
0.001 
0.001 
0.001 
0.001 
0.001 
0.001 
0.001 
0.001 
0.001 
0.001 
0.001 
0.001 
0.001 
0.001 
0.001 
0.001 
0.001 
0.001 
0.001 
0.001 
0.001 
0.001 
0.001 
0.001 
0.001 
0.001 
0.001 
0.001 
0.001 
0.001 
0.001 
0.001 
0.001 
0.001 
0.001 
0.001 
0.001 
0.001 
0.001 
0.001 
0.001 
0.001 
0.001 
0.001 
0.001 
0.001 
0.001 
0.001 
0.001 
0.001 
0.001 
0.001 
0.001 
0.001 
0.001 
0.001 
0.001 
0.001 
0.001 
0.001 
0.001 
0.001 
0.001 
0.001 
0.001 
0.001 
0.001 
0.001 
0.001 
0.001 
0.001 
0.001 
0.001 
0.001 
0.001 
0.001 
0.001 
0.001 
0.001 
0.001 
0.001 
0.001 
0.001 
0.001 
0.001 
0.001 
0.001 
0.001 
0.001 
0.001 
0.001 
0.001 
0.001 
0.001 
0.001 
0.001 
0.001 
0.001 
0.001 
0.001 
0.001 
0.001 
0.001 
0.001 
0.001 
0.001 
0.001 
0.001 
0.001 
0.001 
0.001 
0.001 
0.001 
0.001 
0.001 
0.001 
0.001 
0.001 
0.001 
0.001 
0.001 
0.001 
0.001 
0.001 
0.001 
0.001 
0.001 
0.001 
0.001 
0.001 
0.001 
0.001 
0.001 
0.001 
0.001 
0.001 
0.001 
0.001 
0.001 
0.001 
0.001 
0.001 
0.001 
0.001 
0.001 
0.001 
0.001 
0.001 
0.001 
0.001 
0.001 
0.001 
0.001 
0.001 
0.001 
0.001 
0.001 
0.001 
0.001 
0.001 
0.001 
0.001 
0.001 
0.001 
0.001 
0.001 
0.001 
0.001 
0.001 
0.001 
0.001 
0.001 
0.001 
0.001 
0.001 
segment_point double flow_acceleration 182 1
0 
0 
0 
0 
0 
0 
0 
0 
0 
0 
0 
0 
0 
0 
0 
0 
0 
0 
0 
0 
0 
0 
0 
0 
0 
0 
0 
0 
0 
0 
0 
0 
0 
0 
0 
0 
0 
0 
0 
0 
0 
0 
0 
0 
0 
0 
0 
0 
0 
0 
0 
0 
0 
0 
0 
0 
0 
0 
0 
0 
0 
0 
0 
0 
0 
0 
0 
0 
0 
0 
0 
0 
0 
0 
0 
0 
0 
0 
0 
0 
0 
0 
0 
0 
0 
0 
0 
0 
0 
0 
0 
0 
0 
0 
0 
0 
0 
0 
0 
0 
0 
0 
0 
0 
0 
0 
0 
0 
0 
0 
0 
0 
0 
0 
0 
0 
0 
0 
0 
0 
0 
0 
0 
0 
0 
0 
0 
0 
0 
0 
0 
0 
0 
0 
0 
0 
0 
0 
0 
0 
0 
0 
0 
0 
0 
0 
0 
0 
0 
0 
0 
0 
0 
0 
0 
0 
0 
0 
0 
0 
0 
0 
0 
0 
0 
0 
0 
0 
0 
0 
0 
0 
0 
0 
0 
0 
0 
0 
0 
0 
0 
0 
segment_point double pressure 182 1
0 
0 
0 
0 
0 
0 
0 
0 
0 
0 
0 
0 
0 
0 
0 
0 
0 
0 
0 
0 
0 
0 
0 
0 
0 
0 
0 
0 
0 
0 
0 
0 
0 
0 
0 
0 
0 
0 
0 
0 
0 
0 
0 
0 
0 
0 
0 
0 
0 
0 
0 
0 
0 
0 
0 
0 
0 
0 
0 
0 
0 
0 
0 
0 
0 
0 
0 
0 
0 
0 
0 
0 
0 
0 
0 
0 
0 
0 
0 
0 
0 
0 
0 
0 
0 
0 
0 
0 
0 
0 
0 
0 
0 
0 
0 
0 
0 
0 
0 
0 
0 
0 
0 
0 
0 
0 
0 
0 
0 
0 
0 
0 
0 
0 
0 
0 
0 
0 
0 
0 
0 
0 
0 
0 
0 
0 
0 
0 
0 
0 
0 
0 
0 
0 
0 
0 
0 
0 
0 
0 
0 
0 
0 
0 
0 
0 
0 
0 
0 
0 
0 
0 
0 
0 
0 
0 
0 
0 
0 
0 
0 
0 
0 
0 
0 
0 
0 
0 
0 
0 
0 
0 
0 
0 
0 
0 
0 
0 
0 
0 
0 
0 
segment_point double segment_resistance 182 3
0 0 0 
0.00229241739 0.00892972397 0.219767263 
0.00229241739 0.00892972397 0.219767263 
0.170139448 0.00818034062 0.239486676 
0.00229241739 0.00892972397 0.219767263 
-4.97040417 2.77392298 -0.311534336 
-3.07401695 1.40882719 -0.660881759 
4.19823676 -1.70111382 -0.61573312 
6.26870887 10.6856987 0.765545894 
764.682254 2706.93681 34.3603479 
764.682254 2706.93681 34.3603479 
-44.9653946 -74.6200916 -7.52493178 
9.99109451 -186.568042 78.212676 
9.99109451 -186.568042 78.212676 
291.227464 -448.337234 -1.33360227 
155.9118 -142.369547 22.9338989 
296.433592 522.593764 24.2330437 
353.04633 405.265444 -5.05303486 
353.04633 405.265444 -5.05303486 
-35.4017524 -54.837109 1.30282248 
-2.35634375 -74.9655694 17.2977893 
279.380575 -554.002409 78.0503253 
235.620845 -213.933949 89.3233865 
243.639373 68.4805725 51.703941 
13258.4248 47575.4578 83.7713056 
-1391.08495 -8589.10527 2.87503373 
-590.034059 45.9896403 7.02130388 
-590.034059 45.9896403 7.02130388 
4.43088767 -2736.7309 93.5242074 
-298.692518 -812.801593 -80.9359016 
441.654204 -1643.23582 17.9988776 
293.339291 -628.673631 23.9636822 
245.794483 -389.237112 24.9605039 
180.978673 -148.935491 23.0147252 
163.148767 37.076805 11.8174611 
228.162162 136.420698 18.1335383 
283.243516 258.665617 13.2895001 
254.230636 46.9696527 13.0565933 
212.545234 -105.540914 19.9719588 
187.109237 -6.39646566 9.62160705 
232.987616 82.5258171 15.0374179 
276.020636 117.909411 17.0412408 
492.065159 60.4112569 13.1584519 
764.682254 2706.93681 34.3603479 
-9.65302706 -107.018114 28.9216581 
-43.713152 16.0504319 -41.6982248 
-277.750856 -10.6130752 39.3099117 
-94.9789835 -37.8330731 0.437562982 
14.9572078 -75.9643435 -107.326572 
110.216828 -89.1516147 -29.0109409 
110.216828 -89.1516147 -29.0109409 
-266.29861 475.984009 -174.271183 
105.757194 347.937401 -1.80501208 
199.486478 -138.976354 12.2206397 
50.7431342 -11.9586846 -11.5779251 
55.5761578 44.1487748 -13.5156384 
81.2547792 45.4475448 -10.8121418 
97.3092422 29.0301277 -5.82660657 
146.613545 150.299272 -4.03639749 
260.988481 298.1357 9.0729455 
269.131433 55.765931 29.2396137 
295.992532 184.872418 44.8962534 
513.159277 257.164703 78.0510746 
260.88811 -55.7277435 46.2256438 
439.111165 534.257384 33.9160083 
424.18674 543.175453 20.2226076 
571.854215 548.83295 23.6856567 
455.121115 436.316433 18.7745888 
991.488938 644.537057 27.8530548 
0.00229241739 0.00892972397 0.219767263 
-0.228940783 1.2065982 -0.679967501 
-0.575299171 -1.49229031 -0.769595202 
10.5603966 0.0650696112 -0.518099637 
43.3742771 60.3508211 1.71776043 
50.1900608 10.2424977 -0.160283514 
45.069548 18.3665426 0.819521434 
52.1512075 11.7464757 1.3998091 
58.3777769 21.4217767 4.27241469 
58.1463291 16.4936088 5.85226389 
44.4539518 -2.87495579 5.53638842 
44.4539518 -2.87495579 5.53638842 
-0.198685802 -40.4379904 2.69526839 
70.0200215 28.9764206 12.779065 
109.96201 28.0211648 15.1198105 
270.155092 164.686083 19.9333715 
270.155092 164.686083 19.9333715 
102.55404 102.935895 -11.8731055 
313.479731 -241.996666 -13.8400393 
590.517143 1073.02445 -5.7560125 
823.143373 474.784888 8.37897254 
96.2876426 -32.1182245 10.4558178 
431.362028 91.7617322 44.8522433 
698.676373 734.168909 53.6330087 
703.417283 409.869166 32.6911425 
912.182635 571.504401 23.2185071 
792.26658 135.644462 12.3122218 
540.261096 -2.28848064 20.4688989 
620.539265 134.206387 39.1450806 
629.639263 119.761071 30.3849611 
9.99109451 -186.568042 78.212676 
167.62278 -1677.96899 -73.8615312 
1730.36549 2934.93617 109.966919 
110.216828 -89.1516147 -29.0109409 
-123.484428 70.1343844 -66.3365896 
181.854796 -154.712946 75.8385035 
185.720367 -127.921836 50.4288672 
53.4137596 -27.1799321 18.3998773 
28.585467 -4.54496962 9.54014715 
17.0537099 10.4833345 0.631666942 
24.9107659 13.6294769 2.69847373 
38.4524235 24.8249801 4.54702296 
60.0663091 38.6321141 6.30925456 
60.9689303 14.3352382 7.78174516 
21.7320003 -5.86426543 5.29458407 
18.4245985 2.07782475 5.11822653 
18.4245985 2.07782475 5.11822653 
19.7308802 -21.6434247 7.62229909 
44.224676 23.6212946 6.83469116 
37.8006688 -2.94903814 6.6712502 
23.0846469 -2.32599783 5.01748924 
28.2348467 8.79278795 5.52038594 
57.6847198 27.6725498 10.0818954 
57.6847198 27.6725498 10.0818954 
117.104906 140.062168 18.6509307 
574.357521 1012.2705 33.4839736 
812.223043 662.342904 35.3202941 
306.366937 -224.378671 17.9468061 
867.606281 788.286315 36.1111716 
1048.42194 284.893986 25.6384998 
18.4245985 2.07782475 5.11822653 
378.699613 476.716191 46.7504683 
898.502846 813.090087 78.1189999 
791.130279 274.545132 58.046403 
752.126445 480.958487 21.4041314 
864.225201 359.329633 3.20045442 
609.833209 458.34056 5.42926724 
782.055044 515.219031 25.4971925 
984.360022 893.006246 26.8774441 
270.155092 164.686083 19.9333715 
37.5581541 -67.8593247 1.51469974 
37.5581541 -67.8593247 1.51469974 
44.8375904 -142.361986 8.86513856 
380.15577 9.17939193 20.811093 
57.6847198 27.6725498 10.0818954 
53.9939131 -45.2996124 11.6326694 
83.3012441 -2.59925644 12.374897 
123.037961 70.8756826 14.7348246 
125.440734 36.9687477 15.3848225 
92.0952873 -0.417726543 12.3863835 
67.7244574 -0.305283792 7.30409646 
106.23969 -0.952246198 6.18365295 
44.4539518 -2.87495579 5.53638842 
234.764623 380.109066 14.6374607 
845.465378 765.332317 39.2044208 
784.722873 415.099124 37.2659649 
784.722873 415.099124 37.2659649 
626.343736 79.6088008 10.856779 
302.305909 -15.7916616 -2.04555208 
1544.97398 1291.19983 14.0117875 
353.04633 405.265444 -5.05303486 
-213.220545 169.019114 -44.6781699 
-165.086387 630.141602 -143.980747 
153.720271 114.721322 -25.6540776 
222.432398 301.361045 -7.00190686 
422.436993 444.636946 37.3570657 
682.572089 381.467345 90.2229813 
770.487907 395.024369 87.7511716 
909.434733 545.893718 78.7579113 
1188.66668 781.122167 53.4345656 
1364.41579 637.652574 21.317627 
1310.55057 236.8828 1.89456303 
1018.36589 6.37010288 25.3621475 
999.830698 -255.777927 33.8510093 
-590.034059 45.9896403 7.02130388 
36.4334126 -3687.25898 153.282952 
36.4334126 -3687.25898 153.282952 
1274.74296 -2673.47949 45.5537227 
672.0681 397.040854 63.2769297 
711.042891 391.825928 32.6444088 
492.942903 -123.544019 4.27551329 
696.738501 577.832438 -12.1372983 
1299.91216 126.237687 4.47005956 
