133 2
1.595471e+00 4.267499e-01 -1.863979e-12 2 41
-0.000000e+00 -0.000000e+00 1.991152e+00 0.000000e+00
-0.000000e+00 -0.000000e+00 1.991152e+00 1.000000e+00
1.689850e+00 4.511591e-01 -2.762553e-17 2 45
-0.000000e+00 -0.000000e+00 -0.000000e+00 0.000000e+00
-0.000000e+00 -0.000000e+00 -0.000000e+00 1.000000e+00
1.658643e+00 5.970287e-02 -1.693703e-12 2 42
-0.000000e+00 -0.000000e+00 1.814203e+00 0.000000e+00
-0.000000e+00 -0.000000e+00 1.814203e+00 1.000000e+00
1.464501e+00 7.669848e-01 -1.810253e-12 2 13838
-0.000000e+00 -0.000000e+00 1.935399e+00 0.000000e+00
-0.000000e+00 -0.000000e+00 1.935399e+00 1.000000e+00
1.548204e+00 8.108929e-01 -4.965287e-17 2 13842
-0.000000e+00 -0.000000e+00 -0.000000e+00 0.000000e+00
-0.000000e+00 -0.000000e+00 -0.000000e+00 1.000000e+00
1.547663e+00 5.757837e-02 -3.810826e-12 2 18382
-0.000000e+00 -0.000000e+00 3.944280e+00 0.000000e+00
-0.000000e+00 -0.000000e+00 3.944280e+00 1.000000e+00
1.477497e+00 3.962384e-01 -4.193918e-12 2 18381
-0.000000e+00 -0.000000e+00 4.313352e+00 0.000000e+00
-0.000000e+00 -0.000000e+00 4.313352e+00 1.000000e+00
1.747427e+00 6.140247e-02 -3.759816e-18 2 46
-0.000000e+00 -0.000000e+00 -0.000000e+00 0.000000e+00
-0.000000e+00 -0.000000e+00 -0.000000e+00 1.000000e+00
1.717077e+00 -3.318260e-01 2.031848e-17 2 11506
-0.000000e+00 -0.000000e+00 -0.000000e+00 0.000000e+00
-0.000000e+00 -0.000000e+00 -0.000000e+00 1.000000e+00
1.631309e+00 -3.131721e-01 -1.666080e-12 2 11503
-0.000000e+00 -0.000000e+00 1.785423e+00 0.000000e+00
-0.000000e+00 -0.000000e+00 1.785423e+00 1.000000e+00
-1.358582e+00 -9.459171e-01 5.086128e-10 2 1680
-0.000000e+00 -0.000000e+00 1.774954e+00 0.000000e+00
-0.000000e+00 -0.000000e+00 1.774954e+00 1.000000e+00
-1.640480e+00 -6.064112e-01 5.597470e-10 2 1681
-0.000000e+00 -0.000000e+00 -0.000000e+00 0.000000e+00
-0.000000e+00 -0.000000e+00 -0.000000e+00 1.000000e+00
-1.535015e+00 -5.669477e-01 5.229843e-10 2 1682
-0.000000e+00 -0.000000e+00 2.133598e+00 0.000000e+00
-0.000000e+00 -0.000000e+00 2.133598e+00 1.000000e+00
-1.435293e+00 -9.987227e-01 5.379054e-10 2 1684
-0.000000e+00 -0.000000e+00 -0.000000e+00 0.000000e+00
-0.000000e+00 -0.000000e+00 -0.000000e+00 1.000000e+00
-1.070393e+00 -1.247067e+00 -1.021872e-09 2 1904
-0.000000e+00 -0.000000e+00 1.994077e+00 0.000000e+00
-0.000000e+00 -0.000000e+00 1.994077e+00 1.000000e+00
-1.139748e+00 -1.325518e+00 -1.082710e-09 2 1903
-0.000000e+00 -0.000000e+00 -0.000000e+00 0.000000e+00
-0.000000e+00 -0.000000e+00 -0.000000e+00 1.000000e+00
-1.262693e+00 -8.799102e-01 4.719969e-10 2 19201
-0.000000e+00 -0.000000e+00 3.862022e+00 0.000000e+00
-0.000000e+00 -0.000000e+00 3.862022e+00 1.000000e+00
-1.739319e+00 -1.677155e-01 3.100314e-10 2 14530
-0.000000e+00 -0.000000e+00 -0.000000e+00 0.000000e+00
-0.000000e+00 -0.000000e+00 -0.000000e+00 1.000000e+00
-1.632607e+00 -1.560311e-01 2.897077e-10 2 14526
-0.000000e+00 -0.000000e+00 2.042966e+00 0.000000e+00
-0.000000e+00 -0.000000e+00 2.042966e+00 1.000000e+00
-1.403185e+00 -5.176184e-01 4.770308e-10 2 19202
-0.000000e+00 -0.000000e+00 4.608297e+00 0.000000e+00
-0.000000e+00 -0.000000e+00 4.608297e+00 1.000000e+00
-7.410393e-01 -1.478250e+00 -6.478872e-11 2 1902
-0.000000e+00 -0.000000e+00 1.848966e+00 0.000000e+00
-0.000000e+00 -0.000000e+00 1.848966e+00 1.000000e+00
-7.862641e-01 -1.563586e+00 -6.663185e-11 2 1906
-0.000000e+00 -0.000000e+00 -0.000000e+00 0.000000e+00
-0.000000e+00 -0.000000e+00 -0.000000e+00 1.000000e+00
-3.660932e-01 -1.611834e+00 -1.733583e-12 2 13559
-0.000000e+00 -0.000000e+00 1.855847e+00 0.000000e+00
-0.000000e+00 -0.000000e+00 1.855847e+00 1.000000e+00
-3.901876e-01 -1.705108e+00 1.043799e-16 2 13562
-0.000000e+00 -0.000000e+00 -0.000000e+00 0.000000e+00
-0.000000e+00 -0.000000e+00 -0.000000e+00 1.000000e+00
-6.845083e-01 -1.371581e+00 -6.248479e-11 2 19312
-0.000000e+00 -0.000000e+00 4.017019e+00 0.000000e+00
-0.000000e+00 -0.000000e+00 4.017019e+00 1.000000e+00
-9.836985e-01 -1.149004e+00 -9.458231e-10 2 19313
-0.000000e+00 -0.000000e+00 4.319429e+00 0.000000e+00
-0.000000e+00 -0.000000e+00 4.319429e+00 1.000000e+00
7.552953e-01 -1.475142e+00 -1.713759e-12 2 8064
-0.000000e+00 -0.000000e+00 1.835197e+00 0.000000e+00
-0.000000e+00 -0.000000e+00 1.835197e+00 1.000000e+00
4.220977e-01 -1.697419e+00 1.038572e-16 2 8065
-0.000000e+00 -0.000000e+00 -0.000000e+00 0.000000e+00
-0.000000e+00 -0.000000e+00 -0.000000e+00 1.000000e+00
4.025460e-01 -1.604765e+00 -1.729720e-12 2 8066
-0.000000e+00 -0.000000e+00 1.851825e+00 0.000000e+00
-0.000000e+00 -0.000000e+00 1.851825e+00 1.000000e+00
7.944657e-01 -1.559613e+00 9.549874e-17 2 8068
-0.000000e+00 -0.000000e+00 -0.000000e+00 0.000000e+00
-0.000000e+00 -0.000000e+00 -0.000000e+00 1.000000e+00
1.065849e+00 -1.259765e+00 -1.821359e-12 2 9496
-0.000000e+00 -0.000000e+00 1.947057e+00 0.000000e+00
-0.000000e+00 -0.000000e+00 1.947057e+00 1.000000e+00
1.126225e+00 -1.336957e+00 8.186497e-17 2 9500
-0.000000e+00 -0.000000e+00 -0.000000e+00 0.000000e+00
-0.000000e+00 -0.000000e+00 -0.000000e+00 1.000000e+00
7.063323e-01 -1.369553e+00 -3.856077e-12 2 22393
-0.000000e+00 -0.000000e+00 3.988225e+00 0.000000e+00
-0.000000e+00 -0.000000e+00 3.988225e+00 1.000000e+00
2.098398e-02 -1.746318e+00 1.062037e-16 2 13560
-0.000000e+00 -0.000000e+00 -0.000000e+00 0.000000e+00
-0.000000e+00 -0.000000e+00 -0.000000e+00 1.000000e+00
2.316099e-02 -1.641276e+00 -1.906991e-12 2 13561
-0.000000e+00 -0.000000e+00 2.035832e+00 0.000000e+00
-0.000000e+00 -0.000000e+00 2.035832e+00 1.000000e+00
3.781064e-01 -1.488948e+00 -3.892000e-12 2 22394
-0.000000e+00 -0.000000e+00 4.022997e+00 0.000000e+00
-0.000000e+00 -0.000000e+00 4.022997e+00 1.000000e+00
1.319859e+00 -9.858431e-01 -1.876349e-12 2 9495
-0.000000e+00 -0.000000e+00 2.004061e+00 0.000000e+00
-0.000000e+00 -0.000000e+00 2.004061e+00 1.000000e+00
1.397871e+00 -1.048577e+00 6.420682e-17 2 9499
-0.000000e+00 -0.000000e+00 -0.000000e+00 0.000000e+00
-0.000000e+00 -0.000000e+00 -0.000000e+00 1.000000e+00
1.505658e+00 -6.641270e-01 -1.925903e-12 2 15936
-0.000000e+00 -0.000000e+00 2.055339e+00 0.000000e+00
-0.000000e+00 -0.000000e+00 2.055339e+00 1.000000e+00
1.597668e+00 -7.081776e-01 4.336337e-17 2 15935
-0.000000e+00 -0.000000e+00 -0.000000e+00 0.000000e+00
-0.000000e+00 -0.000000e+00 -0.000000e+00 1.000000e+00
9.903781e-01 -1.163275e+00 -4.098159e-12 2 23109
-0.000000e+00 -0.000000e+00 4.221654e+00 0.000000e+00
-0.000000e+00 -0.000000e+00 4.221654e+00 1.000000e+00
1.222343e+00 -9.074260e-01 -4.221865e-12 2 23108
-0.000000e+00 -0.000000e+00 4.340160e+00 0.000000e+00
-0.000000e+00 -0.000000e+00 4.340160e+00 1.000000e+00
1.524098e+00 -2.898548e-01 -3.748706e-12 2 24112
-0.000000e+00 -0.000000e+00 3.883980e+00 0.000000e+00
-0.000000e+00 -0.000000e+00 3.883980e+00 1.000000e+00
1.464522e-02 1.663024e+00 -1.554222e-12 2 13551
-0.000000e+00 -0.000000e+00 1.668394e+00 0.000000e+00
-0.000000e+00 -0.000000e+00 1.668394e+00 1.000000e+00
1.246016e-02 1.745797e+00 -1.068992e-16 2 13555
-0.000000e+00 -0.000000e+00 -0.000000e+00 0.000000e+00
-0.000000e+00 -0.000000e+00 -0.000000e+00 1.000000e+00
3.705364e-01 1.611931e+00 -1.757590e-12 2 13552
-0.000000e+00 -0.000000e+00 1.880620e+00 0.000000e+00
-0.000000e+00 -0.000000e+00 1.880620e+00 1.000000e+00
-3.443955e-01 1.610283e+00 -1.901570e-12 2 17255
-0.000000e+00 -0.000000e+00 2.030016e+00 0.000000e+00
-0.000000e+00 -0.000000e+00 2.030016e+00 1.000000e+00
-3.696078e-01 1.709410e+00 -1.046712e-16 2 17254
-0.000000e+00 -0.000000e+00 -0.000000e+00 0.000000e+00
-0.000000e+00 -0.000000e+00 -0.000000e+00 1.000000e+00
3.479907e-01 1.497827e+00 -3.954447e-12 2 25137
-0.000000e+00 -0.000000e+00 4.083157e+00 0.000000e+00
-0.000000e+00 -0.000000e+00 4.083157e+00 1.000000e+00
1.737654e-02 1.559557e+00 -3.496866e-12 2 25136
-0.000000e+00 -0.000000e+00 3.637969e+00 0.000000e+00
-0.000000e+00 -0.000000e+00 3.637969e+00 1.000000e+00
3.885729e-01 1.703215e+00 -1.042918e-16 2 13556
-0.000000e+00 -0.000000e+00 -0.000000e+00 0.000000e+00
-0.000000e+00 -0.000000e+00 -0.000000e+00 1.000000e+00
7.438402e-01 1.582199e+00 -9.688174e-17 2 16229
-0.000000e+00 -0.000000e+00 -0.000000e+00 0.000000e+00
-0.000000e+00 -0.000000e+00 -0.000000e+00 1.000000e+00
7.013723e-01 1.486058e+00 -1.995338e-12 2 16230
-0.000000e+00 -0.000000e+00 2.126938e+00 0.000000e+00
-0.000000e+00 -0.000000e+00 2.126938e+00 1.000000e+00
-3.359751e-01 -1.495241e+00 -3.900692e-12 2 25140
-0.000000e+00 -0.000000e+00 4.031406e+00 0.000000e+00
-0.000000e+00 -0.000000e+00 4.031406e+00 1.000000e+00
2.588225e-02 -1.509973e+00 -4.290863e-12 2 25141
-0.000000e+00 -0.000000e+00 4.406073e+00 0.000000e+00
-0.000000e+00 -0.000000e+00 4.406073e+00 1.000000e+00
1.267684e+00 1.071225e+00 -1.679880e-12 2 13837
-0.000000e+00 -0.000000e+00 1.799728e+00 0.000000e+00
-0.000000e+00 -0.000000e+00 1.799728e+00 1.000000e+00
1.334205e+00 1.128524e+00 -6.910215e-17 2 13841
-0.000000e+00 -0.000000e+00 -0.000000e+00 0.000000e+00
-0.000000e+00 -0.000000e+00 -0.000000e+00 1.000000e+00
1.014358e+00 1.321826e+00 -1.563177e-12 2 17965
-0.000000e+00 -0.000000e+00 1.677792e+00 0.000000e+00
-0.000000e+00 -0.000000e+00 1.677792e+00 1.000000e+00
1.063111e+00 1.387713e+00 -8.497291e-17 2 17964
-0.000000e+00 -0.000000e+00 -0.000000e+00 0.000000e+00
-0.000000e+00 -0.000000e+00 -0.000000e+00 1.000000e+00
1.359873e+00 7.120996e-01 -4.073008e-12 2 25280
-0.000000e+00 -0.000000e+00 4.197384e+00 0.000000e+00
-0.000000e+00 -0.000000e+00 4.197384e+00 1.000000e+00
1.184533e+00 9.996015e-01 -3.779644e-12 2 25279
-0.000000e+00 -0.000000e+00 3.913962e+00 0.000000e+00
-0.000000e+00 -0.000000e+00 3.913962e+00 1.000000e+00
-1.725627e+00 2.799048e-01 4.851154e-10 2 14527
-0.000000e+00 -0.000000e+00 -0.000000e+00 0.000000e+00
-0.000000e+00 -0.000000e+00 -0.000000e+00 1.000000e+00
-1.622383e+00 2.653828e-01 4.551651e-10 2 14528
-0.000000e+00 -0.000000e+00 1.993293e+00 0.000000e+00
-0.000000e+00 -0.000000e+00 1.993293e+00 1.000000e+00
-1.499218e+00 -1.414256e-01 2.643031e-10 2 25624
-0.000000e+00 -0.000000e+00 4.420863e+00 0.000000e+00
-0.000000e+00 -0.000000e+00 4.420863e+00 1.000000e+00
-1.600850e+00 7.006762e-01 -1.579543e-09 2 17433
-0.000000e+00 -0.000000e+00 -0.000000e+00 0.000000e+00
-0.000000e+00 -0.000000e+00 -0.000000e+00 1.000000e+00
-1.509682e+00 6.637601e-01 -1.494494e-09 2 17434
-0.000000e+00 -0.000000e+00 1.895398e+00 0.000000e+00
-0.000000e+00 -0.000000e+00 1.895398e+00 1.000000e+00
-1.493327e+00 2.472303e-01 4.177273e-10 2 25625
-0.000000e+00 -0.000000e+00 4.317797e+00 0.000000e+00
-0.000000e+00 -0.000000e+00 4.317797e+00 1.000000e+00
-1.300798e+00 1.008946e+00 -3.408535e-11 2 14609
-0.000000e+00 -0.000000e+00 1.997869e+00 0.000000e+00
-0.000000e+00 -0.000000e+00 1.997869e+00 1.000000e+00
-1.384491e+00 1.069311e+00 -3.419947e-11 2 14613
-0.000000e+00 -0.000000e+00 -0.000000e+00 0.000000e+00
-0.000000e+00 -0.000000e+00 -0.000000e+00 1.000000e+00
-1.036487e+00 1.306176e+00 -1.489770e-12 2 14610
-0.000000e+00 -0.000000e+00 1.600865e+00 0.000000e+00
-0.000000e+00 -0.000000e+00 1.600865e+00 1.000000e+00
-9.702072e-01 1.228821e+00 -3.351877e-12 2 25666
-0.000000e+00 -0.000000e+00 3.495440e+00 0.000000e+00
-0.000000e+00 -0.000000e+00 3.495440e+00 1.000000e+00
-1.196181e+00 9.334900e-01 -3.394269e-11 2 25665
-0.000000e+00 -0.000000e+00 4.327303e+00 0.000000e+00
-0.000000e+00 -0.000000e+00 4.327303e+00 1.000000e+00
-1.089511e+00 1.368061e+00 -8.348600e-17 2 14614
-0.000000e+00 -0.000000e+00 -0.000000e+00 0.000000e+00
-0.000000e+00 -0.000000e+00 -0.000000e+00 1.000000e+00
-7.426538e-01 1.582232e+00 -9.688371e-17 2 17256
-0.000000e+00 -0.000000e+00 -0.000000e+00 0.000000e+00
-0.000000e+00 -0.000000e+00 -0.000000e+00 1.000000e+00
-7.015392e-01 1.502452e+00 -1.655746e-12 2 17253
-0.000000e+00 -0.000000e+00 1.774526e+00 0.000000e+00
-0.000000e+00 -0.000000e+00 1.774526e+00 1.000000e+00
1.390645e+00 -6.090638e-01 -4.333336e-12 2 26328
-0.000000e+00 -0.000000e+00 4.446492e+00 0.000000e+00
-0.000000e+00 -0.000000e+00 4.446492e+00 1.000000e+00
6.482873e-01 1.365881e+00 -4.489388e-12 2 26475
-0.000000e+00 -0.000000e+00 4.594548e+00 0.000000e+00
-0.000000e+00 -0.000000e+00 4.594548e+00 1.000000e+00
-6.501458e-01 1.402727e+00 -3.725308e-12 2 26987
-0.000000e+00 -0.000000e+00 3.861127e+00 0.000000e+00
-0.000000e+00 -0.000000e+00 3.861127e+00 1.000000e+00
-3.128802e-01 1.486374e+00 -4.278401e-12 2 26988
-0.000000e+00 -0.000000e+00 4.394012e+00 0.000000e+00
-0.000000e+00 -0.000000e+00 4.394012e+00 1.000000e+00
-1.395722e+00 6.176150e-01 -1.388182e-09 2 27077
-0.000000e+00 -0.000000e+00 4.113999e+00 0.000000e+00
-0.000000e+00 -0.000000e+00 4.113999e+00 1.000000e+00
9.534175e-01 1.239468e+00 -3.517043e-12 2 27343
-0.000000e+00 -0.000000e+00 3.657769e+00 0.000000e+00
-0.000000e+00 -0.000000e+00 3.657769e+00 1.000000e+00
1.231235e+00 9.071256e-02 -4.020148e-12 2 27543
-0.000000e+00 -0.000000e+00 9.093401e+00 0.000000e+00
-0.000000e+00 -0.000000e+00 9.093401e+00 1.000000e+00
1.116924e+00 3.964022e-01 -3.854661e-12 2 27558
-0.000000e+00 -0.000000e+00 9.784308e+00 0.000000e+00
-0.000000e+00 -0.000000e+00 9.784308e+00 1.000000e+00
1.293375e+00 -2.361013e-01 -4.153651e-12 2 27559
-0.000000e+00 -0.000000e+00 7.902456e+00 0.000000e+00
-0.000000e+00 -0.000000e+00 7.902456e+00 1.000000e+00
-1.184515e+00 -3.937681e-01 4.297179e-10 2 27645
-0.000000e+00 -0.000000e+00 8.374905e+00 0.000000e+00
-0.000000e+00 -0.000000e+00 8.374905e+00 1.000000e+00
-9.180735e-01 -6.898386e-01 -3.131239e-10 2 27542
-0.000000e+00 -0.000000e+00 9.742081e+00 0.000000e+00
-0.000000e+00 -0.000000e+00 9.742081e+00 1.000000e+00
-3.036090e-01 -1.127723e+00 -3.036822e-11 2 27579
-0.000000e+00 -0.000000e+00 9.558588e+00 0.000000e+00
-0.000000e+00 -0.000000e+00 9.558588e+00 1.000000e+00
-6.280938e-01 -9.381412e-01 -5.859188e-10 2 27545
-0.000000e+00 -0.000000e+00 9.975780e+00 0.000000e+00
-0.000000e+00 -0.000000e+00 9.975780e+00 1.000000e+00
6.816354e-01 -1.082981e+00 -3.855536e-12 2 27661
-0.000000e+00 -0.000000e+00 8.155509e+00 0.000000e+00
-0.000000e+00 -0.000000e+00 8.155509e+00 1.000000e+00
3.940967e-01 -1.168249e+00 -3.978821e-12 2 27631
-0.000000e+00 -0.000000e+00 8.788412e+00 0.000000e+00
-0.000000e+00 -0.000000e+00 8.788412e+00 1.000000e+00
3.950998e-02 -1.284678e+00 -4.150041e-12 2 27648
-0.000000e+00 -0.000000e+00 8.004963e+00 0.000000e+00
-0.000000e+00 -0.000000e+00 8.004963e+00 1.000000e+00
8.380677e-01 -8.474736e-01 -3.866278e-12 2 27550
-0.000000e+00 -0.000000e+00 9.485662e+00 0.000000e+00
-0.000000e+00 -0.000000e+00 9.485662e+00 1.000000e+00
1.026071e+00 -5.059184e-01 -3.977429e-12 2 27552
-0.000000e+00 -0.000000e+00 1.023724e+01 0.000000e+00
-0.000000e+00 -0.000000e+00 1.023724e+01 1.000000e+00
1.380413e-01 1.257119e+00 -1.235134e-11 2 27652
-0.000000e+00 -0.000000e+00 8.466621e+00 0.000000e+00
-0.000000e+00 -0.000000e+00 8.466621e+00 1.000000e+00
-1.705185e-01 1.158555e+00 -1.780990e-11 2 27665
-0.000000e+00 -0.000000e+00 9.796124e+00 0.000000e+00
-0.000000e+00 -0.000000e+00 9.796124e+00 1.000000e+00
4.028525e-01 1.078084e+00 -1.208408e-11 2 27639
-0.000000e+00 -0.000000e+00 1.017213e+01 0.000000e+00
-0.000000e+00 -0.000000e+00 1.017213e+01 1.000000e+00
7.900542e-01 1.015068e+00 -8.355846e-12 2 27570
-0.000000e+00 -0.000000e+00 8.363011e+00 0.000000e+00
-0.000000e+00 -0.000000e+00 8.363011e+00 1.000000e+00
9.653309e-01 7.026057e-01 -9.073214e-12 2 27549
-0.000000e+00 -0.000000e+00 9.654080e+00 0.000000e+00
-0.000000e+00 -0.000000e+00 9.654080e+00 1.000000e+00
-1.161769e+00 1.115947e-01 2.742881e-10 2 27635
-0.000000e+00 -0.000000e+00 9.475210e+00 0.000000e+00
-0.000000e+00 -0.000000e+00 9.475210e+00 1.000000e+00
-7.931366e-01 9.020488e-01 -2.145342e-10 2 27646
-0.000000e+00 -0.000000e+00 9.198662e+00 0.000000e+00
-0.000000e+00 -0.000000e+00 9.198662e+00 1.000000e+00
-9.409935e-01 5.438344e-01 -4.075464e-10 2 27571
-0.000000e+00 -0.000000e+00 1.060897e+01 0.000000e+00
-0.000000e+00 -0.000000e+00 1.060897e+01 1.000000e+00
-5.574566e-01 1.174695e+00 -2.111569e-11 2 27666
-0.000000e+00 -0.000000e+00 7.886292e+00 0.000000e+00
-0.000000e+00 -0.000000e+00 7.886292e+00 1.000000e+00
-5.758212e-01 -5.306553e-01 -4.403097e-10 2 27556
-0.000000e+00 -0.000000e+00 1.380440e+01 0.000000e+00
-0.000000e+00 -0.000000e+00 1.380440e+01 1.000000e+00
-8.538187e-01 -2.488147e-01 2.932518e-10 2 27561
-0.000000e+00 -0.000000e+00 1.276671e+01 0.000000e+00
-0.000000e+00 -0.000000e+00 1.276671e+01 1.000000e+00
1.045381e+00 -1.574029e-01 -3.913817e-12 2 27563
-0.000000e+00 -0.000000e+00 1.147565e+01 0.000000e+00
-0.000000e+00 -0.000000e+00 1.147565e+01 1.000000e+00
9.141176e-01 9.169509e-02 -3.818126e-12 2 27555
-0.000000e+00 -0.000000e+00 1.310225e+01 0.000000e+00
-0.000000e+00 -0.000000e+00 1.310225e+01 1.000000e+00
-2.860062e-01 -7.546824e-01 -2.115548e-10 2 27557
-0.000000e+00 -0.000000e+00 1.366791e+01 0.000000e+00
-0.000000e+00 -0.000000e+00 1.366791e+01 1.000000e+00
5.857497e-01 7.098832e-01 7.476646e-11 2 27546
-0.000000e+00 -0.000000e+00 1.309811e+01 0.000000e+00
-0.000000e+00 -0.000000e+00 1.309811e+01 1.000000e+00
7.559888e-01 3.875906e-01 -1.148695e-11 2 27547
-0.000000e+00 -0.000000e+00 1.386616e+01 0.000000e+00
-0.000000e+00 -0.000000e+00 1.386616e+01 1.000000e+00
3.835519e-01 3.757337e-01 -9.139547e-11 2 27548
-0.000000e+00 -0.000000e+00 1.630190e+01 0.000000e+00
-0.000000e+00 -0.000000e+00 1.630190e+01 1.000000e+00
2.170995e-01 7.151746e-01 1.434665e-10 2 27590
-0.000000e+00 -0.000000e+00 1.468495e+01 0.000000e+00
-0.000000e+00 -0.000000e+00 1.468495e+01 1.000000e+00
5.746274e-01 6.271583e-02 -9.203196e-12 2 27551
-0.000000e+00 -0.000000e+00 1.604741e+01 0.000000e+00
-0.000000e+00 -0.000000e+00 1.604741e+01 1.000000e+00
2.099781e-01 2.704562e-02 -4.172979e-10 2 27553
-0.000000e+00 -0.000000e+00 1.758427e+01 0.000000e+00
-0.000000e+00 -0.000000e+00 1.758427e+01 1.000000e+00
-3.895641e-02 3.712727e-01 1.760915e-10 2 27554
-0.000000e+00 -0.000000e+00 1.698039e+01 0.000000e+00
-0.000000e+00 -0.000000e+00 1.698039e+01 1.000000e+00
4.826773e-01 -8.618406e-01 -3.977328e-12 2 27610
-0.000000e+00 -0.000000e+00 1.207783e+01 0.000000e+00
-0.000000e+00 -0.000000e+00 1.207783e+01 1.000000e+00
6.343963e-01 -5.515711e-01 -3.904366e-12 2 27611
-0.000000e+00 -0.000000e+00 1.369411e+01 0.000000e+00
-0.000000e+00 -0.000000e+00 1.369411e+01 1.000000e+00
7.685459e-01 -2.225725e-01 -3.857790e-12 2 27664
-0.000000e+00 -0.000000e+00 1.420684e+01 0.000000e+00
-0.000000e+00 -0.000000e+00 1.420684e+01 1.000000e+00
4.229840e-01 -2.671622e-01 -3.852127e-12 2 27632
-0.000000e+00 -0.000000e+00 1.640231e+01 0.000000e+00
-0.000000e+00 -0.000000e+00 1.640231e+01 1.000000e+00
7.907971e-02 -3.165560e-01 -1.637389e-10 2 27592
-0.000000e+00 -0.000000e+00 1.704338e+01 0.000000e+00
-0.000000e+00 -0.000000e+00 1.704338e+01 1.000000e+00
-1.543900e-01 -4.356263e-02 -1.507050e-10 2 27593
-0.000000e+00 -0.000000e+00 1.745578e+01 0.000000e+00
-0.000000e+00 -0.000000e+00 1.745578e+01 1.000000e+00
-4.130162e-01 2.176556e-01 2.105680e-10 2 27614
-0.000000e+00 -0.000000e+00 1.630372e+01 0.000000e+00
-0.000000e+00 -0.000000e+00 1.630372e+01 1.000000e+00
-3.837532e-01 5.519866e-01 2.402879e-10 2 27621
-0.000000e+00 -0.000000e+00 1.505205e+01 0.000000e+00
-0.000000e+00 -0.000000e+00 1.505205e+01 1.000000e+00
-1.220352e-01 7.756793e-01 -5.455924e-10 2 27658
-0.000000e+00 -0.000000e+00 1.423752e+01 0.000000e+00
-0.000000e+00 -0.000000e+00 1.423752e+01 1.000000e+00
-5.043650e-01 -1.443928e-01 7.430908e-11 2 27562
-0.000000e+00 -0.000000e+00 1.583893e+01 0.000000e+00
-0.000000e+00 -0.000000e+00 1.583893e+01 1.000000e+00
-2.460837e-01 -4.004167e-01 -5.982928e-10 2 27638
-0.000000e+00 -0.000000e+00 1.620241e+01 0.000000e+00
-0.000000e+00 -0.000000e+00 1.620241e+01 1.000000e+00
-2.053270e-02 -5.975447e-01 -3.587760e-11 2 27623
-0.000000e+00 -0.000000e+00 1.547411e+01 0.000000e+00
-0.000000e+00 -0.000000e+00 1.547411e+01 1.000000e+00
8.194786e-02 -9.138777e-01 -3.939283e-12 2 27640
-0.000000e+00 -0.000000e+00 1.267093e+01 0.000000e+00
-0.000000e+00 -0.000000e+00 1.267093e+01 1.000000e+00
-7.532653e-01 1.511882e-01 2.028698e-10 2 27573
-0.000000e+00 -0.000000e+00 1.404144e+01 0.000000e+00
-0.000000e+00 -0.000000e+00 1.404144e+01 1.000000e+00
-6.299529e-01 4.249296e-01 2.559540e-10 2 27572
-0.000000e+00 -0.000000e+00 1.416737e+01 0.000000e+00
-0.000000e+00 -0.000000e+00 1.416737e+01 1.000000e+00
-6.402337e-01 6.588958e-01 -6.144356e-10 2 27647
-0.000000e+00 -0.000000e+00 1.266380e+01 0.000000e+00
-0.000000e+00 -0.000000e+00 1.266380e+01 1.000000e+00
9.283742e-02 9.951520e-01 -1.719826e-11 2 27660
-0.000000e+00 -0.000000e+00 1.203413e+01 0.000000e+00
-0.000000e+00 -0.000000e+00 1.203413e+01 1.000000e+00
2.781554e-01 -5.881944e-01 -3.921083e-12 2 27620
-0.000000e+00 -0.000000e+00 1.522986e+01 0.000000e+00
-0.000000e+00 -0.000000e+00 1.522986e+01 1.000000e+00
-4.458055e-01 8.698782e-01 -3.922694e-10 2 27657
-0.000000e+00 -0.000000e+00 1.211838e+01 0.000000e+00
-0.000000e+00 -0.000000e+00 1.211838e+01 1.000000e+00
